/*--------------------------------*- C++ -*----------------------------------*\
| =========                 |                                                 |
| \\      /  F ield         | OpenFOAM: The Open Source CFD Toolbox           |
|  \\    /   O peration     | Version:  v2012                                 |
|   \\  /    A nd           | Website:  www.openfoam.com                      |
|    \\/     M anipulation  |                                                 |
\*---------------------------------------------------------------------------*/
FoamFile
{
    version     2.0;
    format      ascii;
    class       labelList;
    note        "nPoints:2762  nCells:2500  nFaces:8880  nInternalFaces:3748";
    location    "constant/polyMesh";
    object      neighbour;
}
// * * * * * * * * * * * * * * * * * * * * * * * * * * * * * * * * * * * * * //


3748
(
1
127
2
889
3
750
4
848
5
228
6
329
7
370
8
441
9
1018
10
1133
11
799
12
263
13
786
14
1733
15
1674
16
1804
17
1837
18
1378
19
1326
20
1392
21
1627
22
826
23
1557
24
950
25
191
26
434
27
366
28
597
29
239
30
878
31
792
32
905
33
34
901
35
942
36
899
37
789
38
298
39
1101
40
197
41
501
42
948
43
1014
44
701
45
1016
46
1498
47
1466
48
1023
49
973
50
1074
51
2114
52
226
53
897
54
858
55
1607
56
566
57
497
58
761
59
355
60
294
61
232
62
862
63
816
64
910
65
66
909
67
939
68
762
69
225
70
1046
71
181
72
424
73
1071
74
244
75
832
76
1481
77
1509
78
1947
79
1662
80
1586
81
2485
82
375
83
1682
84
1686
85
1362
86
959
87
869
88
242
89
1019
90
173
91
346
92
286
93
337
94
962
95
780
96
907
97
98
906
99
881
100
853
101
208
102
584
103
175
104
416
105
481
106
1450
107
1162
108
1467
109
1750
110
1308
111
1335
112
1474
113
562
114
2394
115
1021
116
844
117
1273
118
688
119
230
120
556
121
1079
122
1538
123
866
124
276
125
214
126
993
127
997
888
147
1894
2192
190
645
1960
131
1012
1227
1013
1229
1134
1469
1797
135
1004
1588
341
917
1104
1003
1585
802
832
1481
138
1333
1508
638
1325
140
953
1680
217
954
142
982
1350
983
1352
144
925
1118
924
1404
146
1140
1668
1138
1667
270
2191
192
2073
2133
150
1701
1829
1622
1702
152
1496
1501
1488
1502
1007
1449
1576
608
616
1028
156
1502
1554
1501
1555
961
991
1329
159
1650
1782
1651
1712
161
1626
1743
1550
1751
163
1166
1372
1373
2003
165
1168
1445
1156
1446
167
989
1122
988
1120
169
1296
1370
1294
1366
171
837
1633
840
1640
173
186
346
521
175
413
584
415
177
413
1786
399
1634
659
782
865
185
1484
1591
181
804
972
423
183
798
970
405
523
363
596
893
1482
1594
419
699
188
195
428
456
692
427
760
859
191
434
577
1342
2072
194
840
1753
837
1755
578
859
200
1755
1773
500
1105
199
818
870
475
1544
1168
1753
204
1705
1706
207
219
774
489
987
1070
1704
1707
206
563
1097
253
565
1011
1030
583
934
226
896
1631
213
1555
1996
222
1990
2152
310
919
920
217
830
275
918
535
704
1532
595
601
1958
260
570
1317
1638
224
1060
221
248
580
600
1418
414
2148
767
916
928
1061
1130
913
1045
2106
228
848
908
328
230
556
607
666
232
839
862
876
270
1792
1942
235
1530
1546
1531
1548
261
262
272
323
746
912
241
1629
2024
596
911
603
1194
1558
1630
2026
686
1142
295
2112
2263
921
1177
247
252
1757
271
588
1040
800
879
1471
1568
252
1729
1905
598
976
1698
1661
1818
1877
255
805
1272
546
599
679
874
1736
257
1683
1687
1682
1686
260
1852
1995
631
1048
1383
1590
1649
1770
1652
1771
785
796
280
340
872
267
273
1672
270
1725
1892
1670
1716
351
771
898
273
1109
1661
781
1676
274
1493
1821
1647
1910
276
659
864
282
2236
2255
310
378
620
306
484
945
281
741
307
734
2075
2237
674
996
1157
381
828
872
837
1612
1949
345
827
288
1791
1929
1782
2016
313
1368
1847
293
301
1288
922
1235
1617
388
877
898
1302
1744
354
876
1074
2114
391
860
873
492
1653
1731
855
1098
359
1229
2250
313
1732
1827
1461
2144
303
314
1170
1393
1729
314
1716
1820
1031
1057
1218
547
946
339
944
312
740
872
923
1234
1380
311
418
813
337
962
1829
1904
326
2187
2393
318
1334
1940
715
916
1045
1335
1474
320
321
1537
1468
1536
322
325
1466
1498
324
895
360
727
1989
2183
485
526
332
2281
2290
329
887
721
396
1882
2489
339
411
1788
520
2282
334
1240
2089
1237
1470
360
430
894
338
1851
1898
827
1852
1899
340
382
343
749
343
802
921
590
352
1999
2283
346
349
348
383
420
381
763
383
419
422
1473
1685
389
769
1998
2284
362
1982
2218
355
358
755
357
390
428
388
456
390
427
1325
2180
361
392
875
1983
2217
364
432
463
894
366
431
597
433
1225
1333
1842
465
720
887
372
1838
2087
440
721
379
1442
1767
1839
1969
374
1865
2077
473
1864
396
1006
1398
1493
1652
385
2014
2314
403
418
1674
1733
384
1581
2147
382
412
828
1487
1732
1948
2315
387
2294
2328
1441
2295
389
426
877
392
409
429
702
860
1100
395
1944
2436
1443
2438
2485
398
404
1844
1077
2054
400
1788
411
648
1988
2184
2338
403
448
620
615
2055
2374
406
717
425
651
408
1883
2480
1483
1884
410
707
429
502
412
765
479
422
2096
416
478
480
418
452
617
420
677
1447
1805
1890
1688
424
489
1070
426
768
457
428
430
464
432
437
728
434
437
531
1879
1880
438
2071
2136
1959
2044
2137
445
2300
2375
441
444
709
443
507
720
465
533
506
722
1190
2231
447
1630
2463
1629
2370
467
782
1013
1330
1737
453
2088
2302
452
886
915
466
2052
2092
455
1991
2038
1992
2040
457
491
459
2438
2473
504
2436
461
2367
2487
2366
2486
469
2330
2471
464
730
1347
466
486
468
516
557
615
1956
2470
473
2078
2186
472
607
687
487
1761
2185
477
2278
2344
476
707
502
655
2276
2340
479
484
482
481
484
706
547
1635
485
2259
2392
499
534
617
1726
1760
490
494
2466
971
2387
2467
652
691
493
1479
1509
1947
495
1872
2189
2262
497
563
761
565
499
2258
2421
2420
501
570
947
1347
504
2252
2469
548
509
1814
2209
507
512
510
1587
2336
2489
1815
2208
511
580
533
600
579
708
514
2313
2385
2045
2138
516
537
782
535
518
2457
2476
1596
2456
520
2270
2291
2272
1017
1035
1465
2102
2342
542
651
1464
1465
1812
526
1971
2188
1972
528
2215
2414
2214
2415
530
2279
2468
1598
2483
532
2434
1892
2433
534
843
536
557
662
703
1539
539
586
678
559
618
541
2305
2377
2376
2392
543
1039
561
627
602
696
729
548
2001
2251
551
582
550
1999
552
2327
2402
668
808
618
670
1745
2400
593
1601
1752
555
2194
2295
2195
2294
1080
845
714
1456
2395
560
764
582
650
652
1054
714
1477
660
568
2242
2464
566
807
861
1067
1095
2243
2465
571
2167
2193
863
1839
2166
573
2099
2444
806
2445
575
2164
2458
2160
2459
806
1984
2100
681
950
581
1067
580
1543
1055
1066
809
584
1786
587
783
1194
603
791
1034
1195
589
985
640
986
591
1177
917
1179
622
665
1956
1385
1618
595
645
836
834
597
599
808
809
739
602
1344
1345
604
618
669
606
996
1314
995
1316
608
1726
662
841
1300
611
1144
1676
634
1678
744
1038
1316
619
1614
1771
667
1015
1171
617
1078
1424
1611
1770
625
1412
1556
1778
1955
2070
624
797
1350
1352
1796
659
919
628
1354
1654
1081
1320
1358
1656
743
1096
1148
632
1306
1334
658
820
1308
1335
634
822
1012
1013
636
1176
1738
953
965
638
1230
1507
793
641
831
1699
779
917
1698
1756
646
852
1505
644
870
1314
674
1542
682
1300
1504
649
834
1617
650
1637
836
1618
765
652
654
1383
1654
1380
1656
658
1541
657
1420
1566
1418
1568
1386
760
861
667
744
754
1535
664
1324
1676
1322
1678
2068
2330
687
688
1036
671
976
670
1562
1175
723
946
675
1145
1218
1032
1056
1322
1051
1148
1217
680
1243
1535
678
700
763
1176
1694
1244
1534
682
1258
1252
684
797
850
799
847
686
868
1328
869
1642
1641
690
1048
1541
1051
1542
692
1054
1055
694
1054
1081
1055
1082
696
820
1131
821
698
970
1041
971
985
700
787
791
1010
1015
707
818
704
1426
1428
706
945
1449
1450
709
882
1018
711
1048
1654
1051
1155
713
865
1539
866
1538
2394
717
798
793
1075
1735
768
719
1028
1262
1026
1263
722
722
737
936
725
788
883
727
875
727
746
884
729
1962
730
1131
732
849
853
734
943
734
741
890
736
757
939
738
815
935
977
772
842
843
854
741
777
746
792
878
811
1230
1638
748
1159
1449
750
756
889
1162
1450
752
1104
829
756
810
998
753
1651
803
1650
948
1014
760
761
833
762
928
759
938
1576
1052
1578
913
764
765
770
1009
1666
769
775
769
1681
1705
775
846
775
928
778
1060
1337
778
1009
780
890
907
780
962
1336
781
1128
1132
787
791
788
789
873
786
1245
1769
1035
899
855
792
884
905
1216
795
1139
1784
817
1808
797
799
804
801
1618
1617
1754
803
1058
1046
807
1606
1365
1607
1528
1533
813
920
1150
1507
814
819
1690
915
1154
1440
816
910
838
2065
2389
1102
822
1144
825
825
1345
1434
824
826
1557
1397
1556
1376
1396
828
833
848
831
1680
835
921
914
1344
1555
1758
1601
842
862
846
898
1591
845
852
846
845
1020
1268
851
1133
881
890
851
1796
1134
854
934
1416
860
857
858
1607
1606
1717
897
861
870
1103
865
866
868
869
959
961
880
1364
1687
875
879
1728
877
911
1385
1362
1686
906
885
1545
884
933
891
1134
887
908
889
997
1018
1133
896
1371
1717
895
912
895
897
933
902
1272
1551
905
942
940
1550
904
989
1462
1467
1750
907
914
910
939
912
916
915
919
993
999
923
1344
1345
926
931
926
994
929
929
931
1164
1157
932
1513
1587
1719
1586
1662
942
943
938
1053
938
1008
940
1150
1282
1149
973
1074
1916
944
1787
1007
1008
948
1638
951
1258
1556
951
1557
953
954
1740
1741
956
1106
1194
960
1195
958
961
1364
959
1362
963
1500
980
1107
965
1033
1175
1609
967
1284
1471
1469
1494
969
1567
1722
1110
1724
972
972
975
1023
1466
2183
1023
2235
977
1756
980
981
1499
980
981
1368
1540
984
1204
984
1446
1619
987
987
1179
990
1276
990
1278
992
1514
1499
1512
999
995
996
1124
998
999
1002
1334
1660
1003
1004
1171
1444
1946
1036
1143
1006
1683
1884
1682
1008
1011
1016
1696
1679
1266
1015
1697
1019
1137
1142
1021
1564
1830
1030
1130
1359
1025
2396
2397
1129
2076
1029
1060
1047
2202
2241
1029
1061
1348
1032
1082
1081
1037
1562
1035
1137
1038
1560
1608
1124
1041
1042
1041
1042
1324
1044
1290
1762
1292
1715
1046
2224
2240
1050
2155
2366
2154
2367
1053
1496
1430
1057
1730
1735
1059
1479
1481
1509
1726
1063
1135
1328
1195
1327
1065
1391
1636
1392
1627
1068
1145
1068
1148
1070
1071
1179
1177
1076
1128
1692
1077
1845
2169
1325
1330
1132
1690
1518
1080
1085
1080
1090
1145
1084
1761
1762
1760
1764
1086
1426
1090
1539
1088
1953
2262
1872
1952
1091
2195
2460
1538
2194
2462
1093
1234
1394
1232
1393
1096
1097
1282
1096
1097
1100
1101
1111
2126
2269
1102
1105
1103
1105
1128
1107
1560
1700
1110
1569
1663
1110
1672
2131
2268
1114
2019
2426
1116
1117
1429
2017
2427
1119
1349
2491
1559
1918
1922
2434
1124
1585
2118
2490
1306
1660
1127
1139
2389
1304
1750
1126
1274
1478
1126
1276
1659
1933
1238
1389
2075
2182
1760
1386
1144
1137
1142
1138
1140
1633
1640
1141
2329
1785
2390
1536
1685
1151
2036
2135
1154
1689
1712
1152
1751
1152
2032
2134
1835
1160
2207
2475
1429
1157
1164
1352
1775
1159
1162
1467
1462
2206
2474
1163
2117
2198
2116
2190
1510
1167
2021
2412
1604
1743
1285
2408
1772
1172
2214
2265
1174
1716
1696
2215
2365
1178
2233
2249
1358
1395
1176
2232
2248
1189
1191
1721
1182
1983
2032
1982
2036
1184
1976
2161
1291
1973
1187
2053
2058
1189
1191
1547
2059
2154
1190
2378
2490
1720
2491
1768
1193
2253
2317
2316
2425
1197
2163
2431
2162
2430
1202
1472
1578
1201
2040
2190
1202
1462
1573
2038
2198
1278
1205
1977
2069
1245
1615
2019
2073
1210
1212
1516
1315
2025
2492
1209
2151
2316
2150
2317
1768
1859
1213
2212
2268
1732
1847
2213
2269
1215
2382
2484
1817
2369
1217
1218
1230
1221
2125
2134
1225
1675
1776
2097
2135
1223
2175
2234
2174
2299
1226
2097
2232
2285
2125
2233
1265
2247
1231
2171
2223
1330
2170
2222
1235
1754
1238
1941
2390
1235
1237
1240
1478
1488
1323
1241
2116
2307
1938
1889
2117
1247
1901
2005
1246
1300
1246
1340
1350
1703
1409
2116
1249
2221
2297
1623
2296
1252
1258
1778
1253
2227
2248
1601
2226
2249
1255
2047
2287
1384
2046
1257
2174
2474
2175
2475
1261
2222
2430
1262
1263
1534
2223
2431
1428
1337
1267
2149
2170
1266
1930
1434
2171
2327
1273
1289
1270
2057
2206
2030
2207
1275
1277
2350
1282
1641
1276
1278
1808
2351
1279
2360
1807
2361
1281
1425
2442
1323
1389
1285
2018
2373
1482
1570
2088
1288
1302
1348
1291
1293
2293
1679
1290
1292
1643
2292
1564
1295
2452
1298
1403
2161
2453
1298
1723
1299
2110
2417
1402
1894
2111
1303
2353
2368
1765
2320
2383
1306
1308
1307
2011
2343
1407
1785
1310
1313
1868
1866
2333
1312
1313
2462
2085
2460
1921
1317
1921
2493
1317
1321
1437
2023
1323
1331
2443
1322
1324
1856
2303
1390
1398
1329
1500
1329
1332
1518
1941
2169
2179
1340
1666
1340
1339
2101
2415
1377
2414
1342
2130
2226
2227
1346
1584
1860
2043
2221
1386
1360
1351
1871
1421
1861
1354
1358
1670
1510
1356
1871
2410
2411
2491
1361
1886
2029
1360
1764
1763
1974
2260
1365
1367
2000
1514
2322
1567
2008
1374
1896
1701
1592
1624
2257
1600
2013
1372
1373
1626
1631
1897
2312
1377
1965
2098
1380
1383
1423
1401
1521
1381
1920
2072
2073
2419
1384
2288
2296
2297
1388
1389
1903
2386
1727
1779
1391
1392
1652
1395
1395
1656
1400
1627
1400
1614
1401
1405
2017
2422
1636
1911
1404
1580
1404
1722
2019
2419
1407
2012
2172
2390
1409
2002
2162
2163
1412
1611
1779
1413
2046
2299
1614
2047
2234
1444
1659
2292
1417
1961
2150
1418
1420
2069
2151
1421
1809
2118
1505
1965
1423
2261
2483
2468
1426
1428
1427
1903
1889
2018
1880
1501
1758
1432
1433
2042
2199
2492
1435
2123
1440
2201
2444
1437
1821
1877
1822
1616
1619
2349
1441
2329
2477
1559
2478
1443
1943
1616
2293
1448
1773
1448
1452
1458
1816
1453
1613
1742
1456
1891
1610
2060
1455
1780
1949
1948
2334
2225
1460
1862
1887
1806
1946
1482
1494
1511
1913
2247
1463
2478
1681
2477
1908
2103
1813
1473
1989
1545
1502
1987
1543
1478
1497
1990
1477
1476
1480
2298
1875
2480
2225
1718
1483
1799
1798
1511
1753
1486
2104
2467
1587
2105
1525
2320
1497
1490
1491
1577
1885
2180
1492
2286
2179
2285
1911
1774
1503
2004
2087
1497
1537
1500
1522
1970
1506
1548
1506
1546
1508
1834
1527
1772
1526
1721
1653
1928
1526
1596
2178
2257
1524
1525
1653
1662
1947
1519
1553
2054
1521
1836
2284
1837
1523
1691
1693
2003
1766
1833
1832
1720
1669
1724
1533
1635
1530
1531
1640
1589
1704
1534
1535
1637
1695
1697
1721
1859
1544
1544
1545
1639
1549
1799
1707
1766
2298
1552
1552
1606
1625
2302
2443
1985
1994
1560
1562
1932
1657
1870
2194
1564
1645
1826
1571
1597
2023
1570
1639
1569
1570
2450
2022
2279
1574
1675
2289
1576
1578
1671
2196
1577
1850
1887
1848
1582
1828
2257
1585
1588
1582
1827
2256
1687
1720
1800
1623
2091
2482
1684
1591
1594
1593
1595
1593
1595
2177
1639
1741
2256
1598
2303
2229
1600
1723
2096
2217
1603
2090
2185
1790
2205
1620
2004
1610
1613
1776
1609
1702
1740
1777
1710
1673
2044
2064
1616
1767
1815
1777
2080
1628
2466
2480
1624
1739
2119
1831
1626
1717
2336
2467
1846
2435
1632
1693
2112
2015
1635
1637
1771
1643
1643
1761
1646
1824
2398
1646
1823
1715
1649
2377
1657
1968
2391
2376
1718
1692
1664
1763
2397
2266
1667
1668
1705
1660
1663
1818
1715
1759
1671
1675
2064
1706
1704
2477
1670
1672
2062
1755
2308
1677
1804
1943
1730
1681
1738
1798
1685
1688
1723
1690
1692
1708
2264
1708
1698
1699
1696
1697
1738
1701
1702
1706
1707
2263
1751
1802
1841
1713
1727
1713
1728
1747
1714
2323
1783
1881
2016
1722
1724
1792
1879
1728
1757
1737
1929
2016
1769
1736
1902
1908
1737
1748
1740
1741
1745
2479
1802
2084
2254
2056
1748
1749
2103
1748
1749
2358
1778
1779
1757
1758
1762
1764
1765
2076
1768
1769
2325
1775
2311
1775
1797
2120
2115
1781
2044
2071
2332
1783
1793
1785
2351
1787
1788
1790
1973
2089
1976
1793
1939
1793
1795
2448
2484
1819
2450
1797
1800
1800
1803
2447
2481
2115
1876
2062
1810
1806
2452
2293
1808
2063
1961
2098
1836
1837
1812
2229
2303
1909
2200
2345
1816
2385
1816
1819
1878
1819
1821
1822
1854
1824
2404
2405
1873
2356
2386
1830
2395
1828
1831
1831
2394
1833
2383
2245
1835
1842
1841
2128
1840
2056
1840
2400
1843
1843
2120
1845
1922
2432
1848
1850
1859
2142
2081
2168
2417
2372
1927
2290
1926
1855
1856
1909
1855
1856
1906
1858
2323
2358
2324
2393
2122
2496
1886
2271
1888
2372
1864
1865
1985
1986
2082
1870
2267
1869
2123
2407
1870
2462
1935
2042
1886
1874
2065
2121
1875
2301
2466
1945
2196
1878
2364
1881
1881
1883
1884
2336
1887
2250
2246
2371
1907
1891
2405
2404
1894
1913
1931
2246
1896
1897
2063
1979
2051
1900
2281
1900
2082
2077
2221
2307
1905
1906
1907
1905
1906
2416
1909
1912
2283
1912
2284
1930
1916
2141
2235
1921
2025
2331
2140
2201
2216
2422
1922
2374
1920
2119
2497
2296
1924
2147
2320
1925
2353
2132
2321
1927
2177
2176
1929
2105
1932
1932
2374
1936
1938
1936
1938
1973
1937
2129
2292
2409
2486
1942
2105
1946
2225
2124
2104
1944
2128
2197
2449
1950
1950
2015
1952
1953
2384
2245
2079
1955
1956
2236
2326
2158
2405
2451
1960
1962
1960
1962
1977
1964
1966
2428
1969
2166
2306
1970
2264
1968
2144
2388
2143
1970
1974
2342
1974
2420
1978
2273
2277
2053
2133
2252
2258
1981
2361
1998
1999
2436
2000
2041
2030
2006
2000
2458
1987
1987
2090
1989
1990
1993
2355
1993
2223
2449
1996
1997
1996
1997
2082
2128
2283
2377
2005
2046
2004
2297
2010
2013
2009
2360
2454
2010
2013
2109
2350
2455
2012
2368
2079
2015
2328
2199
2021
2022
2023
2364
2117
2365
2027
2142
2042
2027
2197
2196
2043
2083
2356
2410
2418
2034
2033
2182
2237
2448
2035
2453
2218
2243
2037
2061
2207
2238
2470
2401
2041
2274
2359
2431
2381
2357
2049
2050
2248
2049
2050
2093
2310
2230
2121
2122
2054
2055
2205
2246
2060
2149
2244
2061
2161
2061
2472
2080
2066
2065
2066
2479
2068
2070
2333
2127
2426
2348
2375
2288
2075
2076
2254
2078
2278
2081
2087
2262
2121
2122
2086
2145
2213
2493
2326
2352
2094
2090
2210
2220
2094
2371
2277
2413
2463
2096
2219
2465
2175
2101
2100
2123
2164
2130
2103
2188
2387
2112
2114
2108
2109
2456
2153
2256
2132
2113
2173
2113
2433
2169
2120
2150
2220
2172
2173
2382
2157
2195
2129
2488
2331
2133
2157
2425
2153
2484
2475
2138
2300
2138
2309
2140
2141
2264
2263
2337
2286
2145
2347
2145
2148
2152
2464
2153
2465
2402
2212
2335
2156
2156
2202
2203
2318
2182
2396
2160
2164
2407
2240
2299
2190
2166
2167
2424
2464
2172
2173
2206
2447
2430
2178
2476
2178
2180
2185
2186
2203
2184
2235
2344
2188
2358
2191
2192
2387
2417
2242
2403
2355
2412
2201
2229
2341
2346
2205
2208
2209
2473
2349
2313
2319
2354
2212
2213
2429
2249
2279
2220
2354
2219
2219
2474
2340
2440
2415
2287
2321
2350
2499
2231
2300
2411
2234
2265
2238
2238
2240
2241
2409
2366
2244
2244
2301
2250
2252
2305
2332
2378
2255
2326
2259
2305
2275
2339
2275
2306
2362
2267
2347
2348
2316
2460
2274
2457
2275
2306
2274
2379
2310
2469
2280
2282
2421
2280
2281
2380
2289
2289
2288
2291
2476
2314
2391
2301
2373
2309
2311
2385
2357
2309
2311
2313
2494
2496
2318
2318
2423
2490
2494
2496
2498
2445
2494
2325
2325
2376
2481
2329
2487
2333
2334
2423
2338
2424
2338
2428
2341
2345
2346
2483
2345
2498
2499
2346
2352
2352
2438
2499
2498
2446
2399
2416
2416
2360
2361
2369
2382
2364
2365
2369
2471
2384
2371
2372
2442
2378
2380
2381
2439
2441
2384
2389
2391
2478
2393
2404
2398
2398
2401
2435
2403
2406
2403
2408
2412
2409
2437
2413
2413
2468
2420
2421
2497
2497
2425
2428
2429
2429
2495
2433
2434
2437
2463
2440
2441
2459
2461
2443
2446
2446
2449
2455
2455
2452
2453
2456
2457
2461
2461
2473
2472
2472
2481
2485
2489
2488
2488
2495
2495
)


// ************************************************************************* //
