/*--------------------------------*- C++ -*----------------------------------*\
| =========                 |                                                 |
| \\      /  F ield         | OpenFOAM: The Open Source CFD Toolbox           |
|  \\    /   O peration     | Version:  v2012                                 |
|   \\  /    A nd           | Website:  www.openfoam.com                      |
|    \\/     M anipulation  |                                                 |
\*---------------------------------------------------------------------------*/
FoamFile
{
    version     2.0;
    format      ascii;
    class       vectorField;
    location    "constant/polyMesh";
    object      points;
}
// * * * * * * * * * * * * * * * * * * * * * * * * * * * * * * * * * * * * * //


2762
(
(0 0 0)
(0.015625 0 0)
(0.984375 0 0)
(1 0 0)
(1 0.015625 0)
(1 0.984375 0)
(1 1 0)
(0.984375 1 0)
(0.015625 1 0)
(0 1 0)
(0 0.984375 0)
(0 0.015625 0)
(0.015625 0.015625 0)
(0.984375 0.015625 0)
(0.984375 0.984375 0)
(0.015625 0.984375 0)
(0 0 0.1)
(0.015625 0 0.1)
(0.015625 0.015625 0.1)
(0 0.015625 0.1)
(0.984375 0 0.1)
(0.984375 0.015625 0.1)
(1 0 0.1)
(1 0.015625 0.1)
(1 0.984375 0.1)
(0.984375 0.984375 0.1)
(1 1 0.1)
(0.984375 1 0.1)
(0.015625 1 0.1)
(0.015625 0.984375 0.1)
(0 1 0.1)
(0 0.984375 0.1)
(0.046875 0 0)
(0.078125 0 0)
(0.109375 0 0)
(0.140625 0 0)
(0.171875 0 0)
(0.203125 0 0)
(0.234375 0 0)
(0.265625 0 0)
(0.296875 0 0)
(0.328125 0 0)
(0.359375 0 0)
(0.390625 0 0)
(0.421875 0 0)
(0.453125 0 0)
(0.484375 0 0)
(0.515625 0 0)
(0.546875 0 0)
(0.578125 0 0)
(0.609375 0 0)
(0.640625 0 0)
(0.671875 0 0)
(0.703125 0 0)
(0.734375 0 0)
(0.765625 0 0)
(0.796875 0 0)
(0.828125 0 0)
(0.859375 0 0)
(0.890625 0 0)
(0.921875 0 0)
(0.953125 0 0)
(1 0.046875 0)
(1 0.078125 0)
(1 0.109375 0)
(1 0.140625 0)
(1 0.171875 0)
(1 0.203125 0)
(1 0.234375 0)
(1 0.265625 0)
(1 0.296875 0)
(1 0.328125 0)
(1 0.359375 0)
(1 0.390625 0)
(1 0.421875 0)
(1 0.453125 0)
(1 0.484375 0)
(1 0.515625 0)
(1 0.546875 0)
(1 0.578125 0)
(1 0.609375 0)
(1 0.640625 0)
(1 0.671875 0)
(1 0.703125 0)
(1 0.734375 0)
(1 0.765625 0)
(1 0.796875 0)
(1 0.828125 0)
(1 0.859375 0)
(1 0.890625 0)
(1 0.921875 0)
(1 0.953125 0)
(0.953125 1 0)
(0.921875 1 0)
(0.890625 1 0)
(0.859375 1 0)
(0.828125 1 0)
(0.796875 1 0)
(0.765625 1 0)
(0.734375 1 0)
(0.703125 1 0)
(0.671875 1 0)
(0.640625 1 0)
(0.609375 1 0)
(0.578125 1 0)
(0.546875 1 0)
(0.515625 1 0)
(0.484375 1 0)
(0.453125 1 0)
(0.421875 1 0)
(0.390625 1 0)
(0.359375 1 0)
(0.328125 1 0)
(0.296875 1 0)
(0.265625 1 0)
(0.234375 1 0)
(0.203125 1 0)
(0.171875 1 0)
(0.140625 1 0)
(0.109375 1 0)
(0.078125 1 0)
(0.046875 1 0)
(0 0.953125 0)
(0 0.921875 0)
(0 0.890625 0)
(0 0.859375 0)
(0 0.828125 0)
(0 0.796875 0)
(0 0.765625 0)
(0 0.734375 0)
(0 0.703125 0)
(0 0.671875 0)
(0 0.640625 0)
(0 0.609375 0)
(0 0.578125 0)
(0 0.546875 0)
(0 0.515625 0)
(0 0.484375 0)
(0 0.453125 0)
(0 0.421875 0)
(0 0.390625 0)
(0 0.359375 0)
(0 0.328125 0)
(0 0.296875 0)
(0 0.265625 0)
(0 0.234375 0)
(0 0.203125 0)
(0 0.171875 0)
(0 0.140625 0)
(0 0.109375 0)
(0 0.078125 0)
(0 0.046875 0)
(0.046875 0.015625 0)
(0.078125 0.015625 0)
(0.109375 0.015625 0)
(0.140625 0.015625 0)
(0.171875 0.015625 0)
(0.203125 0.015625 0)
(0.234375 0.015625 0)
(0.265625 0.015625 0)
(0.296875 0.015625 0)
(0.328125 0.015625 0)
(0.359375 0.015625 0)
(0.390625 0.015625 0)
(0.421875 0.015625 0)
(0.453125 0.015625 0)
(0.484375 0.015625 0)
(0.515625 0.015625 0)
(0.546875 0.015625 0)
(0.578125 0.015625 0)
(0.609375 0.015625 0)
(0.640625 0.015625 0)
(0.671875 0.015625 0)
(0.703125 0.015625 0)
(0.734375 0.015625 0)
(0.765625 0.015625 0)
(0.796875 0.015625 0)
(0.828125 0.015625 0)
(0.859375 0.015625 0)
(0.890625 0.015625 0)
(0.921875 0.015625 0)
(0.953125 0.015625 0)
(0.984375 0.046875 0)
(0.984375 0.078125 0)
(0.984375 0.109375 0)
(0.984375 0.140625 0)
(0.984375 0.171875 0)
(0.984375 0.203125 0)
(0.984375 0.234375 0)
(0.984375 0.265625 0)
(0.984375 0.296875 0)
(0.984375 0.328125 0)
(0.984375 0.359375 0)
(0.984375 0.390625 0)
(0.984375 0.421875 0)
(0.984375 0.453125 0)
(0.984375 0.484375 0)
(0.984375 0.515625 0)
(0.984375 0.546875 0)
(0.984375 0.578125 0)
(0.984375 0.609375 0)
(0.984375 0.640625 0)
(0.984375 0.671875 0)
(0.984375 0.703125 0)
(0.984375 0.734375 0)
(0.984375 0.765625 0)
(0.984375 0.796875 0)
(0.984375 0.828125 0)
(0.984375 0.859375 0)
(0.984375 0.890625 0)
(0.984375 0.921875 0)
(0.984375 0.953125 0)
(0.953125 0.984375 0)
(0.921875 0.984375 0)
(0.890625 0.984375 0)
(0.859375 0.984375 0)
(0.828125 0.984375 0)
(0.796875 0.984375 0)
(0.765625 0.984375 0)
(0.734375 0.984375 0)
(0.703125 0.984375 0)
(0.671875 0.984375 0)
(0.640625 0.984375 0)
(0.609375 0.984375 0)
(0.578125 0.984375 0)
(0.546875 0.984375 0)
(0.515625 0.984375 0)
(0.484375 0.984375 0)
(0.453125 0.984375 0)
(0.421875 0.984375 0)
(0.390625 0.984375 0)
(0.359375 0.984375 0)
(0.328125 0.984375 0)
(0.296875 0.984375 0)
(0.265625 0.984375 0)
(0.234375 0.984375 0)
(0.203125 0.984375 0)
(0.171875 0.984375 0)
(0.140625 0.984375 0)
(0.109375 0.984375 0)
(0.078125 0.984375 0)
(0.046875 0.984375 0)
(0.015625 0.046875 0)
(0.015625 0.078125 0)
(0.015625 0.109375 0)
(0.015625 0.140625 0)
(0.015625 0.171875 0)
(0.015625 0.203125 0)
(0.015625 0.234375 0)
(0.015625 0.265625 0)
(0.015625 0.296875 0)
(0.015625 0.328125 0)
(0.015625 0.359375 0)
(0.015625 0.390625 0)
(0.015625 0.421875 0)
(0.015625 0.453125 0)
(0.015625 0.484375 0)
(0.015625 0.515625 0)
(0.015625 0.546875 0)
(0.015625 0.578125 0)
(0.015625 0.609375 0)
(0.015625 0.640625 0)
(0.015625 0.671875 0)
(0.015625 0.703125 0)
(0.015625 0.734375 0)
(0.015625 0.765625 0)
(0.015625 0.796875 0)
(0.015625 0.828125 0)
(0.015625 0.859375 0)
(0.015625 0.890625 0)
(0.015625 0.921875 0)
(0.015625 0.953125 0)
(0.046875 0 0.1)
(0.078125 0 0.1)
(0.109375 0 0.1)
(0.140625 0 0.1)
(0.171875 0 0.1)
(0.203125 0 0.1)
(0.234375 0 0.1)
(0.265625 0 0.1)
(0.296875 0 0.1)
(0.328125 0 0.1)
(0.359375 0 0.1)
(0.390625 0 0.1)
(0.421875 0 0.1)
(0.453125 0 0.1)
(0.484375 0 0.1)
(0.515625 0 0.1)
(0.546875 0 0.1)
(0.578125 0 0.1)
(0.609375 0 0.1)
(0.640625 0 0.1)
(0.671875 0 0.1)
(0.703125 0 0.1)
(0.734375 0 0.1)
(0.765625 0 0.1)
(0.796875 0 0.1)
(0.828125 0 0.1)
(0.859375 0 0.1)
(0.890625 0 0.1)
(0.921875 0 0.1)
(0.953125 0 0.1)
(0.953125 0.015625 0.1)
(0.921875 0.015625 0.1)
(0.890625 0.015625 0.1)
(0.859375 0.015625 0.1)
(0.828125 0.015625 0.1)
(0.796875 0.015625 0.1)
(0.765625 0.015625 0.1)
(0.734375 0.015625 0.1)
(0.703125 0.015625 0.1)
(0.671875 0.015625 0.1)
(0.640625 0.015625 0.1)
(0.609375 0.015625 0.1)
(0.578125 0.015625 0.1)
(0.546875 0.015625 0.1)
(0.515625 0.015625 0.1)
(0.484375 0.015625 0.1)
(0.453125 0.015625 0.1)
(0.421875 0.015625 0.1)
(0.390625 0.015625 0.1)
(0.359375 0.015625 0.1)
(0.328125 0.015625 0.1)
(0.296875 0.015625 0.1)
(0.265625 0.015625 0.1)
(0.234375 0.015625 0.1)
(0.203125 0.015625 0.1)
(0.171875 0.015625 0.1)
(0.140625 0.015625 0.1)
(0.109375 0.015625 0.1)
(0.078125 0.015625 0.1)
(0.046875 0.015625 0.1)
(1 0.046875 0.1)
(1 0.078125 0.1)
(1 0.109375 0.1)
(1 0.140625 0.1)
(1 0.171875 0.1)
(1 0.203125 0.1)
(1 0.234375 0.1)
(1 0.265625 0.1)
(1 0.296875 0.1)
(1 0.328125 0.1)
(1 0.359375 0.1)
(1 0.390625 0.1)
(1 0.421875 0.1)
(1 0.453125 0.1)
(1 0.484375 0.1)
(1 0.515625 0.1)
(1 0.546875 0.1)
(1 0.578125 0.1)
(1 0.609375 0.1)
(1 0.640625 0.1)
(1 0.671875 0.1)
(1 0.703125 0.1)
(1 0.734375 0.1)
(1 0.765625 0.1)
(1 0.796875 0.1)
(1 0.828125 0.1)
(1 0.859375 0.1)
(1 0.890625 0.1)
(1 0.921875 0.1)
(1 0.953125 0.1)
(0.984375 0.953125 0.1)
(0.984375 0.921875 0.1)
(0.984375 0.890625 0.1)
(0.984375 0.859375 0.1)
(0.984375 0.828125 0.1)
(0.984375 0.796875 0.1)
(0.984375 0.765625 0.1)
(0.984375 0.734375 0.1)
(0.984375 0.703125 0.1)
(0.984375 0.671875 0.1)
(0.984375 0.640625 0.1)
(0.984375 0.609375 0.1)
(0.984375 0.578125 0.1)
(0.984375 0.546875 0.1)
(0.984375 0.515625 0.1)
(0.984375 0.484375 0.1)
(0.984375 0.453125 0.1)
(0.984375 0.421875 0.1)
(0.984375 0.390625 0.1)
(0.984375 0.359375 0.1)
(0.984375 0.328125 0.1)
(0.984375 0.296875 0.1)
(0.984375 0.265625 0.1)
(0.984375 0.234375 0.1)
(0.984375 0.203125 0.1)
(0.984375 0.171875 0.1)
(0.984375 0.140625 0.1)
(0.984375 0.109375 0.1)
(0.984375 0.078125 0.1)
(0.984375 0.046875 0.1)
(0.953125 1 0.1)
(0.921875 1 0.1)
(0.890625 1 0.1)
(0.859375 1 0.1)
(0.828125 1 0.1)
(0.796875 1 0.1)
(0.765625 1 0.1)
(0.734375 1 0.1)
(0.703125 1 0.1)
(0.671875 1 0.1)
(0.640625 1 0.1)
(0.609375 1 0.1)
(0.578125 1 0.1)
(0.546875 1 0.1)
(0.515625 1 0.1)
(0.484375 1 0.1)
(0.453125 1 0.1)
(0.421875 1 0.1)
(0.390625 1 0.1)
(0.359375 1 0.1)
(0.328125 1 0.1)
(0.296875 1 0.1)
(0.265625 1 0.1)
(0.234375 1 0.1)
(0.203125 1 0.1)
(0.171875 1 0.1)
(0.140625 1 0.1)
(0.109375 1 0.1)
(0.078125 1 0.1)
(0.046875 1 0.1)
(0.046875 0.984375 0.1)
(0.078125 0.984375 0.1)
(0.109375 0.984375 0.1)
(0.140625 0.984375 0.1)
(0.171875 0.984375 0.1)
(0.203125 0.984375 0.1)
(0.234375 0.984375 0.1)
(0.265625 0.984375 0.1)
(0.296875 0.984375 0.1)
(0.328125 0.984375 0.1)
(0.359375 0.984375 0.1)
(0.390625 0.984375 0.1)
(0.421875 0.984375 0.1)
(0.453125 0.984375 0.1)
(0.484375 0.984375 0.1)
(0.515625 0.984375 0.1)
(0.546875 0.984375 0.1)
(0.578125 0.984375 0.1)
(0.609375 0.984375 0.1)
(0.640625 0.984375 0.1)
(0.671875 0.984375 0.1)
(0.703125 0.984375 0.1)
(0.734375 0.984375 0.1)
(0.765625 0.984375 0.1)
(0.796875 0.984375 0.1)
(0.828125 0.984375 0.1)
(0.859375 0.984375 0.1)
(0.890625 0.984375 0.1)
(0.921875 0.984375 0.1)
(0.953125 0.984375 0.1)
(0 0.953125 0.1)
(0 0.921875 0.1)
(0 0.890625 0.1)
(0 0.859375 0.1)
(0 0.828125 0.1)
(0 0.796875 0.1)
(0 0.765625 0.1)
(0 0.734375 0.1)
(0 0.703125 0.1)
(0 0.671875 0.1)
(0 0.640625 0.1)
(0 0.609375 0.1)
(0 0.578125 0.1)
(0 0.546875 0.1)
(0 0.515625 0.1)
(0 0.484375 0.1)
(0 0.453125 0.1)
(0 0.421875 0.1)
(0 0.390625 0.1)
(0 0.359375 0.1)
(0 0.328125 0.1)
(0 0.296875 0.1)
(0 0.265625 0.1)
(0 0.234375 0.1)
(0 0.203125 0.1)
(0 0.171875 0.1)
(0 0.140625 0.1)
(0 0.109375 0.1)
(0 0.078125 0.1)
(0 0.046875 0.1)
(0.015625 0.046875 0.1)
(0.015625 0.078125 0.1)
(0.015625 0.109375 0.1)
(0.015625 0.140625 0.1)
(0.015625 0.171875 0.1)
(0.015625 0.203125 0.1)
(0.015625 0.234375 0.1)
(0.015625 0.265625 0.1)
(0.015625 0.296875 0.1)
(0.015625 0.328125 0.1)
(0.015625 0.359375 0.1)
(0.015625 0.390625 0.1)
(0.015625 0.421875 0.1)
(0.015625 0.453125 0.1)
(0.015625 0.484375 0.1)
(0.015625 0.515625 0.1)
(0.015625 0.546875 0.1)
(0.015625 0.578125 0.1)
(0.015625 0.609375 0.1)
(0.015625 0.640625 0.1)
(0.015625 0.671875 0.1)
(0.015625 0.703125 0.1)
(0.015625 0.734375 0.1)
(0.015625 0.765625 0.1)
(0.015625 0.796875 0.1)
(0.015625 0.828125 0.1)
(0.015625 0.859375 0.1)
(0.015625 0.890625 0.1)
(0.015625 0.921875 0.1)
(0.015625 0.953125 0.1)
(0.5532784113 0.8128578327 0)
(0.56976669 0.8353191718 0)
(0.5426757721 0.8385870302 0)
(0.7697616225 0.08098123943 0)
(0.7530103411 0.04796221642 0)
(0.7855477413 0.04763697034 0)
(0.7360198257 0.7555849112 0)
(0.7389053091 0.7888534936 0)
(0.7196021748 0.776840698 0)
(0.7585988132 0.7746662198 0)
(0.2873818855 0.09725114846 0)
(0.2652407443 0.06768142497 0)
(0.2942750297 0.06782227561 0)
(0.8789050834 0.3397813963 0)
(0.9104925846 0.3438946553 0)
(0.8949693231 0.3652703565 0)
(0.7016287968 0.9171157995 0)
(0.722404911 0.9010661029 0)
(0.7167541328 0.9312100073 0)
(0.8990076066 0.3179909123 0)
(0.6861724683 0.963680908 0)
(0.6600879067 0.9595619685 0)
(0.8186754821 0.725224429 0)
(0.7821567145 0.7200381796 0)
(0.8107710781 0.6933996944 0)
(0.797982217 0.7509494841 0)
(0.2195512549 0.7505522235 0)
(0.2347923842 0.769400633 0)
(0.2119621794 0.7783301778 0)
(0.2529702657 0.7493287149 0)
(0.3661883531 0.07108175003 0)
(0.370559736 0.0943720674 0)
(0.3445039114 0.07940058577 0)
(0.3502008411 0.1068238755 0)
(0.8632974072 0.3226960018 0)
(0.8549959299 0.2964323824 0)
(0.8778351627 0.2956619399 0)
(0.8322180638 0.3108099222 0)
(0.2467224544 0.2662204391 0)
(0.2709140946 0.2582685825 0)
(0.2609127471 0.2830090521 0)
(0.2496737613 0.2378401831 0)
(0.5566495271 0.8611304788 0)
(0.4855957571 0.4077935542 0)
(0.521557736 0.4007996379 0)
(0.5014320274 0.4372532672 0)
(0.2882770183 0.8245353378 0)
(0.2964674682 0.7957781018 0)
(0.3156907828 0.8230168248 0)
(0.2657796585 0.8038893359 0)
(0.1416838223 0.6987298754 0)
(0.144502342 0.6745222333 0)
(0.1665746328 0.6870045383 0)
(0.163389572 0.6583717111 0)
(0.06346003785 0.7265067143 0)
(0.06369664002 0.6916193913 0)
(0.0888194419 0.7203939657 0)
(0.09041029063 0.2888257649 0)
(0.05343861728 0.2801030765 0)
(0.08873988993 0.2569305536 0)
(0.2002325701 0.6965681317 0)
(0.1878108008 0.6687109737 0)
(0.169969858 0.7154684833 0)
(0.3190362168 0.912285259 0)
(0.3452250751 0.9365542655 0)
(0.314032248 0.9416545257 0)
(0.6267423771 0.9084498021 0)
(0.635871069 0.8779779604 0)
(0.6565783357 0.9012540304 0)
(0.6643968648 0.8712730566 0)
(0.8990041547 0.630999347 0)
(0.9086230328 0.6563553599 0)
(0.8769629681 0.6518011808 0)
(0.8886389297 0.6768395051 0)
(0.8896930597 0.603936608 0)
(0.9184467709 0.6139938515 0)
(0.9245233597 0.5863532916 0)
(0.3412247097 0.153376585 0)
(0.3324023087 0.1238681015 0)
(0.3566989486 0.1314198517 0)
(0.04897724287 0.6059076514 0)
(0.06460432199 0.6241394914 0)
(0.04180037948 0.6325500417 0)
(0.07995627763 0.601522446 0)
(0.8071230381 0.37379174 0)
(0.8303835358 0.3579103126 0)
(0.830777971 0.3865051635 0)
(0.8099610979 0.3419085479 0)
(0.2828041997 0.237216033 0)
(0.3002420972 0.2081133756 0)
(0.3159363938 0.2417658292 0)
(0.2680042444 0.2061640741 0)
(0.1883078711 0.9636139781 0)
(0.2142565549 0.9522934509 0)
(0.04801708995 0.8429339748 0)
(0.04587081012 0.8107871887 0)
(0.07729357574 0.822646781 0)
(0.0728629927 0.8578459943 0)
(0.0982775551 0.8464062281 0)
(0.06550216337 0.1503277158 0)
(0.05834798398 0.1865415596 0)
(0.04024091067 0.1590027228 0)
(0.2687213142 0.1767035208 0)
(0.2850789855 0.1521142504 0)
(0.29199685 0.1788034398 0)
(0.8269535478 0.941566654 0)
(0.8036776293 0.9561900066 0)
(0.8217564396 0.9031680979 0)
(0.8501616112 0.9226139955 0)
(0.8493337041 0.8979901451 0)
(0.8388363305 0.04537807595 0)
(0.8722477616 0.04001554232 0)
(0.8601995199 0.06666026132 0)
(0.2532667457 0.1540678581 0)
(0.1890359304 0.9327566899 0)
(0.912334786 0.8425522734 0)
(0.8899994277 0.8215645542 0)
(0.923099652 0.8161263121 0)
(0.8842325495 0.8514719207 0)
(0.9328747032 0.7920906322 0)
(0.9567737073 0.8128943899 0)
(0.5364634219 0.4377835088 0)
(0.3172709013 0.178932658 0)
(0.3337853043 0.2098782995 0)
(0.9073415113 0.7937092592 0)
(0.3515093107 0.1811207326 0)
(0.9534450406 0.2218847637 0)
(0.9337341008 0.2011136865 0)
(0.904363617 0.2082631402 0)
(0.9157664629 0.1753390147 0)
(0.8872833767 0.1752119803 0)
(0.3126635572 0.15079276 0)
(0.1975084794 0.2684080757 0)
(0.2008437702 0.2396465111 0)
(0.22357649 0.2553970028 0)
(0.1445788013 0.28679721 0)
(0.1621693378 0.3027209372 0)
(0.137276552 0.3176661597 0)
(0.7836530084 0.9365273438 0)
(0.7822186072 0.9615851717 0)
(0.7631230414 0.9470967625 0)
(0.2203964919 0.226243325 0)
(0.9204978809 0.7307022924 0)
(0.9537082183 0.7488179757 0)
(0.9224593921 0.7671752589 0)
(0.9552761681 0.7199903296 0)
(0.1699238049 0.3318782136 0)
(0.04554134228 0.8787736293 0)
(0.9458988386 0.6129109283 0)
(0.9576679449 0.5849284507 0)
(0.194815759 0.7292993479 0)
(0.2311070663 0.7175298048 0)
(0.894606806 0.4592496516 0)
(0.8657689154 0.4540965465 0)
(0.8809427094 0.4235205287 0)
(0.04172560923 0.1016281028 0)
(0.06908295758 0.09345776463 0)
(0.06194829809 0.1220922055 0)
(0.03892089185 0.129392097 0)
(0.08724721962 0.2031787325 0)
(0.1196198634 0.1982926006 0)
(0.1091486004 0.2287462949 0)
(0.8006918722 0.09901697019 0)
(0.7722229159 0.1074544939 0)
(0.9259950454 0.2405177758 0)
(0.9581873678 0.2571748285 0)
(0.9299124739 0.2739839789 0)
(0.1172326546 0.294723241 0)
(0.226061164 0.09950786872 0)
(0.2180042295 0.1266063845 0)
(0.197579849 0.1093618568 0)
(0.1898934501 0.1366170607 0)
(0.8479496661 0.4364967448 0)
(0.8813791772 0.9307602442 0)
(0.9082570025 0.9343260485 0)
(0.90134987 0.9575825874 0)
(0.1030455635 0.3156420032 0)
(0.8765656332 0.9623608304 0)
(0.1225358761 0.04447754797 0)
(0.09272753169 0.04030122947 0)
(0.04274803229 0.3162189322 0)
(0.9585417833 0.9064969737 0)
(0.9531983235 0.8757377124 0)
(0.5832541711 0.8760767527 0)
(0.5842778242 0.85234896 0)
(0.2459910684 0.1882969978 0)
(0.2419860644 0.2129530222 0)
(0.2191794079 0.1994811021 0)
(0.6001888123 0.08742705827 0)
(0.5635518592 0.09418781927 0)
(0.5709151348 0.06801276627 0)
(0.8992060799 0.03883375797 0)
(0.9095852526 0.06343874816 0)
(0.8852446391 0.0579711587 0)
(0.7149481718 0.6588577553 0)
(0.6932285768 0.6459108284 0)
(0.7155666509 0.6352906422 0)
(0.2217753596 0.8975108573 0)
(0.2170139498 0.863683254 0)
(0.2435662733 0.8730468978 0)
(0.6930774114 0.6167102238 0)
(0.2862778147 0.9556119801 0)
(0.93962653 0.5590478185 0)
(0.9527353283 0.5277131338 0)
(0.9639797137 0.5594355809 0)
(0.7105612123 0.9583454096 0)
(0.7003341214 0.1883155746 0)
(0.683455962 0.1664948541 0)
(0.7156460997 0.1632177613 0)
(0.7508999099 0.8933420297 0)
(0.7794649144 0.8702854844 0)
(0.7864922492 0.9055859745 0)
(0.7032877193 0.1387031445 0)
(0.2474305113 0.1228993215 0)
(0.7065808542 0.2165418033 0)
(0.6710062703 0.1949571634 0)
(0.1460835865 0.7634797268 0)
(0.1552257788 0.7940115858 0)
(0.1232160591 0.7822744825 0)
(0.7091142099 0.340228935 0)
(0.7195176072 0.3096099703 0)
(0.7262559738 0.331606866 0)
(0.9322584131 0.6965499682 0)
(0.1821035394 0.8170639493 0)
(0.1527412077 0.8224611027 0)
(0.648329225 0.1696002565 0)
(0.4346155213 0.956059188 0)
(0.4041770602 0.9584925767 0)
(0.4148760183 0.9346046094 0)
(0.27106659 0.718530743 0)
(0.2512430191 0.6870742617 0)
(0.8248895242 0.1991836866 0)
(0.8238314666 0.1691612268 0)
(0.8529967821 0.1791572268 0)
(0.5823444196 0.1168344068 0)
(0.597793317 0.06042736609 0)
(0.3426110316 0.0469033274 0)
(0.09626739904 0.9405801277 0)
(0.08966316385 0.9122144002 0)
(0.1178860276 0.9217560702 0)
(0.7285437511 0.2738191954 0)
(0.7587106662 0.2769729749 0)
(0.7470125499 0.2957757239 0)
(0.5989602857 0.8302150775 0)
(0.7568031699 0.24863369 0)
(0.93615073 0.8995006618 0)
(0.9122775598 0.9115530558 0)
(0.9211842598 0.8848714823 0)
(0.7488635838 0.3198750374 0)
(0.7416127328 0.8564892861 0)
(0.5422844045 0.07319492067 0)
(0.5333644038 0.09904817051 0)
(0.2216931779 0.4350495071 0)
(0.2009062923 0.4501163498 0)
(0.1971253468 0.4245327358 0)
(0.08436512309 0.1116839174 0)
(0.08142540528 0.1326321191 0)
(0.04557408179 0.7523869059 0)
(0.07691456368 0.749641876 0)
(0.06910395586 0.7841912063 0)
(0.07313781861 0.9275052382 0)
(0.06102617779 0.9037655229 0)
(0.1761411636 0.447009915 0)
(0.8619876266 0.270205618 0)
(0.8528741002 0.2396842682 0)
(0.8874765189 0.2454183378 0)
(0.1224162472 0.9548644974 0)
(0.144350604 0.929262107 0)
(0.3507206756 0.2357047339 0)
(0.1559297456 0.9593451644 0)
(0.580886973 0.9058149039 0)
(0.6057768122 0.890003091 0)
(0.6022504232 0.9142101105 0)
(0.3379382418 0.8489119904 0)
(0.3500039748 0.8169805494 0)
(0.2109290872 0.3278620279 0)
(0.2187564468 0.3684518493 0)
(0.1862731654 0.3556606808 0)
(0.7572627892 0.1317648192 0)
(0.7702638676 0.1570858468 0)
(0.7428150981 0.1599294365 0)
(0.9298686626 0.8558404636 0)
(0.1876923122 0.3918353885 0)
(0.9579774117 0.8443198882 0)
(0.9297321306 0.1445023954 0)
(0.9247738479 0.1160006625 0)
(0.9548965085 0.1290211668 0)
(0.5949105527 0.9595749932 0)
(0.5850934387 0.9373146646 0)
(0.6126445616 0.9359206215 0)
(0.9618651576 0.1571503867 0)
(0.7677756956 0.7498651369 0)
(0.7460512695 0.725906752 0)
(0.3306058936 0.7937400717 0)
(0.3605524468 0.7880683379 0)
(0.2381988486 0.3398754225 0)
(0.7409890335 0.2205051965 0)
(0.7259924786 0.245034745 0)
(0.7307846798 0.1900394065 0)
(0.6932456096 0.2526291404 0)
(0.8390746304 0.7983736581 0)
(0.8157673344 0.8097259591 0)
(0.8132926513 0.780806564 0)
(0.09789183431 0.7702258036 0)
(0.07489526742 0.8857161204 0)
(0.09147551028 0.9652094326 0)
(0.7981230568 0.1578191398 0)
(0.7800486868 0.1880671607 0)
(0.09790296041 0.09204808766 0)
(0.5835791399 0.1649950454 0)
(0.5690269518 0.1934527277 0)
(0.5577448069 0.1682197169 0)
(0.06365569569 0.5538851482 0)
(0.03506298702 0.5625746501 0)
(0.04081781905 0.5354462341 0)
(0.8537599949 0.954341954 0)
(0.9357560212 0.4199319755 0)
(0.9468614474 0.391189193 0)
(0.9609999324 0.4111627372 0)
(0.9106214743 0.3938097513 0)
(0.9583293715 0.4403878228 0)
(0.8880080826 0.07978125989 0)
(0.9148914228 0.08921659315 0)
(0.9275116288 0.4493988678 0)
(0.540549916 0.1968219715 0)
(0.2925664654 0.6635259558 0)
(0.3033531431 0.6375630889 0)
(0.3168195332 0.6641522116 0)
(0.1571441668 0.05066670295 0)
(0.494766241 0.9346284802 0)
(0.5015102369 0.9636439652 0)
(0.4692044112 0.954371245 0)
(0.09315312568 0.8705992321 0)
(0.1052938211 0.8931187856 0)
(0.3307819962 0.6353725902 0)
(0.1853679292 0.6337858115 0)
(0.1585682749 0.6348483012 0)
(0.1611003034 0.6042713877 0)
(0.8960463322 0.1059658374 0)
(0.8685920674 0.09503363017 0)
(0.2822510375 0.6883036641 0)
(0.2701331997 0.6664609487 0)
(0.6840360739 0.9314809807 0)
(0.4951344311 0.08668980629 0)
(0.515665724 0.0769793792 0)
(0.5082079122 0.1047141084 0)
(0.162394601 0.912924084 0)
(0.1680037504 0.9395804047 0)
(0.1361697011 0.8973708231 0)
(0.8807408019 0.3880761677 0)
(0.8929244422 0.8974041986 0)
(0.4939195367 0.06309703883 0)
(0.7792285677 0.4247176927 0)
(0.8057191541 0.4288423079 0)
(0.7900836897 0.4447336986 0)
(0.9392737768 0.8339467635 0)
(0.9026858404 0.8691928017 0)
(0.8022244715 0.403244731 0)
(0.8364050974 0.08342453258 0)
(0.8095724743 0.03660431939 0)
(0.7816734798 0.6814175535 0)
(0.8066894769 0.6546510878 0)
(0.1592293651 0.07994571016 0)
(0.1316050214 0.07901115654 0)
(0.8425463807 0.5683645039 0)
(0.8430855147 0.5452698016 0)
(0.8668087208 0.5563049038 0)
(0.1838849632 0.03758776746 0)
(0.4138001853 0.06444260764 0)
(0.4027658832 0.03802920098 0)
(0.4344887444 0.04282611856 0)
(0.8584992656 0.5277340773 0)
(0.2508987778 0.6566278952 0)
(0.2318915533 0.6445742409 0)
(0.2535544339 0.6307777686 0)
(0.2211227538 0.6218143827 0)
(0.5730655431 0.04074832878 0)
(0.5499457004 0.04978106713 0)
(0.3093799334 0.2995270144 0)
(0.323129095 0.2752972791 0)
(0.3317270954 0.2971250947 0)
(0.1013736459 0.1217076371 0)
(0.3884238272 0.7775189527 0)
(0.3669509613 0.7540191912 0)
(0.3857736498 0.8102594674 0)
(0.3495064502 0.2820725488 0)
(0.3005707877 0.3246072782 0)
(0.28130579 0.3029252826 0)
(0.2723568825 0.330353741 0)
(0.9060397409 0.1278218459 0)
(0.9417715312 0.1735851682 0)
(0.4581062385 0.09968275252 0)
(0.4488648856 0.07253738956 0)
(0.4729542039 0.08076377954 0)
(0.4268251769 0.09290692549 0)
(0.6133049632 0.7544097763 0)
(0.6323721188 0.7312802232 0)
(0.6383344568 0.7612952379 0)
(0.6058712272 0.7252412224 0)
(0.116991773 0.8696443327 0)
(0.9214678518 0.4834965404 0)
(0.09482716318 0.1481974421 0)
(0.6582297 0.7427582031 0)
(0.8677868035 0.907856878 0)
(0.8722330123 0.8801907299 0)
(0.4898288379 0.9043751687 0)
(0.4697452417 0.9275595197 0)
(0.458378034 0.8994915607 0)
(0.4458183778 0.9304393583 0)
(0.8977140209 0.1493577174 0)
(0.8775573058 0.1238123299 0)
(0.8557482519 0.4031226805 0)
(0.04122069913 0.7835521678 0)
(0.1205155122 0.1079625268 0)
(0.08951802444 0.4947194733 0)
(0.1177345512 0.4901092986 0)
(0.09865218796 0.5131943493 0)
(0.8108181253 0.06415943236 0)
(0.627067844 0.8150331577 0)
(0.6200349965 0.8385118688 0)
(0.3799105517 0.23488854 0)
(0.3964717657 0.2114123279 0)
(0.4081608156 0.2326777815 0)
(0.3688913401 0.2058942594 0)
(0.4327151706 0.2313587225 0)
(0.4244044974 0.258565319 0)
(0.2136311954 0.04323769696 0)
(0.1826753292 0.06351195927 0)
(0.1764432666 0.0924197791 0)
(0.1472078451 0.1030779931 0)
(0.4505744366 0.2507639424 0)
(0.6702766739 0.6366355829 0)
(0.6667214202 0.6672557714 0)
(0.6914319195 0.6725412635 0)
(0.08280449156 0.1744358645 0)
(0.782715005 0.775695939 0)
(0.7670565094 0.8039400627 0)
(0.6392420331 0.6751875124 0)
(0.6207177892 0.6982998845 0)
(0.6148634739 0.6643473274 0)
(0.1037385364 0.06563619889 0)
(0.6540237808 0.7049421604 0)
(0.6619319865 0.5675799236 0)
(0.6927281321 0.5649971497 0)
(0.6775211764 0.5897953164 0)
(0.6796187935 0.5457467808 0)
(0.438863413 0.1202018636 0)
(0.4645947578 0.1299268243 0)
(0.4804091437 0.1115187567 0)
(0.2598940829 0.4931606657 0)
(0.2883818714 0.4929227691 0)
(0.2708288918 0.5185026198 0)
(0.3062822128 0.5151789855 0)
(0.2317530439 0.4898259861 0)
(0.2508003952 0.4690120184 0)
(0.8529594451 0.1195845976 0)
(0.1086515634 0.1723595864 0)
(0.1292057111 0.1377217297 0)
(0.2197359242 0.4662464639 0)
(0.2685431016 0.6107652138 0)
(0.2460295283 0.6060515887 0)
(0.06183656614 0.3390514384 0)
(0.07355590568 0.3131780767 0)
(0.08963057717 0.3413433971 0)
(0.2857435357 0.592132964 0)
(0.2896396309 0.6177068372 0)
(0.8684057712 0.1473609182 0)
(0.3145644997 0.6041050502 0)
(0.09896212647 0.800097721 0)
(0.5267087763 0.1722004141 0)
(0.5386984072 0.1470581745 0)
(0.5218677807 0.851341246 0)
(0.5090073276 0.88008301 0)
(0.4899258906 0.8562504574 0)
(0.5327827505 0.8785076165 0)
(0.8622268785 0.8588507705 0)
(0.6258810583 0.960076126 0)
(0.4977246395 0.8291957911 0)
(0.5243085572 0.8156343377 0)
(0.9558472812 0.7808773512 0)
(0.4969701666 0.1790846778 0)
(0.5168849447 0.1993930566 0)
(0.4961685296 0.1316938074 0)
(0.4774168197 0.1526686019 0)
(0.4104422744 0.1578217351 0)
(0.3944931753 0.1388154023 0)
(0.420684589 0.1357721191 0)
(0.2057190174 0.07721409912 0)
(0.5199589538 0.9084589872 0)
(0.5273216712 0.9505028046 0)
(0.4085876782 0.1153993364 0)
(0.1662481932 0.1214070563 0)
(0.2319998089 0.06532194023 0)
(0.4310082499 0.1795771128 0)
(0.3971613109 0.1857635654 0)
(0.4239229718 0.2071569583 0)
(0.3562123532 0.6972252131 0)
(0.3279997984 0.7111944081 0)
(0.3389070247 0.6801134922 0)
(0.3566571549 0.723157267 0)
(0.3477970497 0.6555643506 0)
(0.2401888473 0.9509479363 0)
(0.5771793002 0.2207087672 0)
(0.6061289934 0.2240627774 0)
(0.5853648479 0.244530233 0)
(0.8434347403 0.8760677802 0)
(0.6307001997 0.2382673929 0)
(0.6096599493 0.2602406157 0)
(0.5483370042 0.2189330596 0)
(0.6085363461 0.3709691604 0)
(0.5724948883 0.3639142402 0)
(0.5935752277 0.3432621253 0)
(0.5842790788 0.3918239298 0)
(0.5785878024 0.3163226333 0)
(0.6163243521 0.3194992465 0)
(0.594512474 0.2898973802 0)
(0.6022776892 0.8033269442 0)
(0.5793126986 0.808063263 0)
(0.1382049318 0.1723311489 0)
(0.06203033594 0.2204418121 0)
(0.1667879985 0.8847244507 0)
(0.1917585375 0.8745092676 0)
(0.1908917736 0.9049943323 0)
(0.1645947034 0.8507323159 0)
(0.5231112466 0.1256953317 0)
(0.5520936226 0.1196441219 0)
(0.5655290361 0.1417953803 0)
(0.8140101595 0.8667891122 0)
(0.8410482476 0.8494178255 0)
(0.8260874777 0.1209074248 0)
(0.8057867413 0.1308085905 0)
(0.7759989576 0.5271843223 0)
(0.8038537946 0.5321766284 0)
(0.7916560939 0.5596340389 0)
(0.1897152058 0.8459965134 0)
(0.8195342067 0.5519104963 0)
(0.7192245166 0.1125709694 0)
(0.6901137019 0.1148829486 0)
(0.7045498486 0.08806739467 0)
(0.2883060455 0.3594935211 0)
(0.3190688823 0.3529473304 0)
(0.3274922268 0.3260629976 0)
(0.04200756377 0.5009881262 0)
(0.04290561776 0.4667500205 0)
(0.06481705436 0.4852084108 0)
(0.1409031046 0.8680344311 0)
(0.1281533302 0.8423364964 0)
(0.8335088175 0.4938517801 0)
(0.8112319151 0.4811202614 0)
(0.8408434894 0.4676109147 0)
(0.8863334227 0.7686529665 0)
(0.815434044 0.4500916944 0)
(0.8527862792 0.5066495836 0)
(0.8310221413 0.5214570645 0)
(0.4127492855 0.5264647032 0)
(0.3902752362 0.5403025995 0)
(0.3952773671 0.508690638 0)
(0.4122347322 0.5492776395 0)
(0.3514269676 0.5741790793 0)
(0.3491321293 0.5522042737 0)
(0.3699798309 0.5601084611 0)
(0.3278163585 0.5679108931 0)
(0.3959944 0.5704678078 0)
(0.7142665225 0.04185845189 0)
(0.8805008889 0.7962599849 0)
(0.8653643662 0.8127400676 0)
(0.2509602559 0.9042923809 0)
(0.2344022053 0.9268516617 0)
(0.2605142859 0.9301313219 0)
(0.7653478298 0.9208413076 0)
(0.7429892042 0.9243011903 0)
(0.7389045986 0.9549505614 0)
(0.2417296636 0.4485625317 0)
(0.2696640845 0.4466595055 0)
(0.7478940159 0.1083982805 0)
(0.7357928455 0.08389815993 0)
(0.1257901331 0.8091401041 0)
(0.7840585407 0.13065831 0)
(0.9066592772 0.264736049 0)
(0.8869261376 0.2734332587 0)
(0.90298621 0.2903268935 0)
(0.1703806802 0.181159677 0)
(0.1509906265 0.2009806407 0)
(0.7343619135 0.8217277204 0)
(0.7684278493 0.8368987386 0)
(0.9293352553 0.3038329458 0)
(0.639360793 0.09011379248 0)
(0.6280611401 0.06433885801 0)
(0.9587581195 0.3152674561 0)
(0.9557461792 0.3444658779 0)
(0.9302642601 0.3297941507 0)
(0.06556368355 0.2463587406 0)
(0.6192950226 0.1180743975 0)
(0.6939640826 0.06525807218 0)
(0.6743599201 0.08920531521 0)
(0.659817619 0.06457764946 0)
(0.2496207637 0.4219892949 0)
(0.3168862885 0.06333622409 0)
(0.3187642065 0.0933956009 0)
(0.8186925989 0.2382442515 0)
(0.7885411154 0.2383018856 0)
(0.7992476921 0.2117425612 0)
(0.817333823 0.8358937652 0)
(0.7721549914 0.2197600114 0)
(0.8552574703 0.7584344182 0)
(0.8775318877 0.73130288 0)
(0.05711534541 0.5808277026 0)
(0.03476213235 0.5870312275 0)
(0.8407089506 0.1469687503 0)
(0.717792618 0.8003613493 0)
(0.2118728497 0.8060148274 0)
(0.1870671637 0.7883581341 0)
(0.23519461 0.7953685571 0)
(0.8449017145 0.7358848278 0)
(0.825047691 0.7550507615 0)
(0.1916598739 0.7594246628 0)
(0.169578761 0.7753036013 0)
(0.1662278741 0.7456468756 0)
(0.1982149151 0.1876510835 0)
(0.191055132 0.1624792777 0)
(0.8735298282 0.2210882551 0)
(0.1871194573 0.2121421288 0)
(0.733099405 0.1337200008 0)
(0.8051517849 0.1840206799 0)
(0.2213684499 0.1696000553 0)
(0.209314259 0.1506038713 0)
(0.2325576214 0.1446201965 0)
(0.9561226525 0.2864337599 0)
(0.7949968964 0.8466847537 0)
(0.7930084055 0.8222004893 0)
(0.281824804 0.4697238337 0)
(0.04155830406 0.3477840933 0)
(0.1213361076 0.7551368457 0)
(0.2121615474 0.8345367181 0)
(0.09663803034 0.7441466602 0)
(0.8379936605 0.7757904899 0)
(0.8597364457 0.7839245831 0)
(0.1566057731 0.2234607148 0)
(0.1340130536 0.218497574 0)
(0.1382512507 0.2422222433 0)
(0.7203167282 0.06540885914 0)
(0.2992281893 0.04343237937 0)
(0.3183876499 0.03406860629 0)
(0.3109343663 0.9642939208 0)
(0.8735180848 0.1992993553 0)
(0.8494168197 0.2127761739 0)
(0.8659153519 0.8364803945 0)
(0.8441835271 0.8230932552 0)
(0.8199727591 0.1456411078 0)
(0.8042406122 0.9287108699 0)
(0.2103610301 0.9231338904 0)
(0.08199354303 0.2311253927 0)
(0.03971670664 0.7162164828 0)
(0.2476492219 0.04083517532 0)
(0.03741355459 0.212253579 0)
(0.03319721323 0.1861504905 0)
(0.1141753828 0.2509769675 0)
(0.1064491128 0.2723776381 0)
(0.1285292187 0.2697402981 0)
(0.1117062054 0.7299092446 0)
(0.9470369526 0.0994761359 0)
(0.9396284849 0.0714722607 0)
(0.9636564515 0.08177113229 0)
(0.9305328064 0.04335745857 0)
(0.04805538464 0.927610826 0)
(0.03703016036 0.9039700502 0)
(0.0668490122 0.9545412817 0)
(0.9293974072 0.9492984013 0)
(0.9551576308 0.9649180606 0)
(0.9577983778 0.9339599626 0)
(0.1400395642 0.728648048 0)
(0.9337697473 0.9224556995 0)
(0.1571590373 0.1492439183 0)
(0.0343194802 0.6892858855 0)
(0.06768569707 0.03687069323 0)
(0.04074673306 0.04790352215 0)
(0.6911383321 0.8948701082 0)
(0.07463992648 0.0648774122 0)
(0.04915150784 0.07732654961 0)
(0.6453450316 0.9327759421 0)
(0.0939123095 0.6929158869 0)
(0.1154083068 0.7080179862 0)
(0.1162884973 0.6775108965 0)
(0.1894402212 0.3002690839 0)
(0.1710650569 0.2772981084 0)
(0.2252708507 0.2883257576 0)
(0.1521186186 0.2609234766 0)
(0.03477573281 0.9543170179 0)
(0.717625503 0.876468629 0)
(0.3810790676 0.04830495675 0)
(0.9628668204 0.05040726451 0)
(0.4808340266 0.7010281645 0)
(0.4597427272 0.6848911888 0)
(0.487622532 0.6728930097 0)
(0.460339365 0.6502886788 0)
(0.9599618298 0.6832613563 0)
(0.8446661691 0.7046294517 0)
(0.7085444592 0.8467014419 0)
(0.6762657688 0.8427570648 0)
(0.6981808464 0.8183242346 0)
(0.6635114142 0.8128893205 0)
(0.4922652813 0.6416194846 0)
(0.6808079822 0.04127156256 0)
(0.6497756318 0.04129023902 0)
(0.04247874928 0.4058779968 0)
(0.2781488642 0.04183687587 0)
(0.961494852 0.6452926553 0)
(0.9413444375 0.6632085889 0)
(0.3374919154 0.9616913436 0)
(0.3681802016 0.9591856003 0)
(0.3810439817 0.9325703909 0)
(0.6700778719 0.141255827 0)
(0.930133858 0.6357927135 0)
(0.9008163138 0.7026464178 0)
(0.9156538487 0.679490824 0)
(0.06639396745 0.6522233322 0)
(0.03957674458 0.663029775 0)
(0.8395930924 0.283424476 0)
(0.8134579598 0.2810824325 0)
(0.8351748042 0.2595435578 0)
(0.5583442579 0.9553885473 0)
(0.5541720086 0.9226496521 0)
(0.8699967541 0.699656272 0)
(0.9535895143 0.4979067901 0)
(0.2560919884 0.7790292327 0)
(0.2723792359 0.8744314492 0)
(0.2811244005 0.9022321523 0)
(0.3048594883 0.881943304 0)
(0.3000559092 0.8513278575 0)
(0.2399832239 0.8220745114 0)
(0.2556335682 0.09564361003 0)
(0.271719269 0.1242406645 0)
(0.7779375963 0.334772953 0)
(0.8031612413 0.3133139324 0)
(0.7794271409 0.2986014426 0)
(0.9549413944 0.4681150035 0)
(0.3397295523 0.8830852672 0)
(0.3178889609 0.8668180084 0)
(0.3921880189 0.08642781286 0)
(0.378275935 0.1184870463 0)
(0.08459412922 0.6298153475 0)
(0.3515658873 0.9119384734 0)
(0.08782316106 0.5693409918 0)
(0.9297521381 0.3622287 0)
(0.09165119967 0.538314532 0)
(0.9596641183 0.369376994 0)
(0.2573961896 0.9610882477 0)
(0.04366481744 0.4351809275 0)
(0.1176567484 0.345142228 0)
(0.1423750763 0.3502369225 0)
(0.1346165638 0.4267522144 0)
(0.1501156242 0.4053070172 0)
(0.1514398191 0.4373671447 0)
(0.1725027363 0.4213017556 0)
(0.28291211 0.5463851572 0)
(0.3092002434 0.5464858021 0)
(0.296796916 0.5724043505 0)
(0.2353189299 0.8476443409 0)
(0.263718009 0.8424951291 0)
(0.8000830305 0.8862266883 0)
(0.07068637521 0.3651317116 0)
(0.09233155321 0.3887027183 0)
(0.06266330028 0.3921550614 0)
(0.07435506408 0.4166960756 0)
(0.2538196478 0.5483329495 0)
(0.2369748239 0.5198197634 0)
(0.7944680207 0.8000596565 0)
(0.2921969932 0.9283830478 0)
(0.5947391067 0.03501877318 0)
(0.6200615326 0.03872087272 0)
(0.6911526729 0.8663428053 0)
(0.5826395362 0.7400122676 0)
(0.5878348184 0.7761159029 0)
(0.04161603159 0.243192868 0)
(0.1027298343 0.3670725282 0)
(0.4755811848 0.8110320684 0)
(0.4963398409 0.8032612746 0)
(0.4668024815 0.8356984924 0)
(0.3467491828 0.3550099726 0)
(0.3367094807 0.3806118063 0)
(0.3079871256 0.3810364735 0)
(0.7566534086 0.2002367108 0)
(0.7561330706 0.1794925424 0)
(0.901506363 0.7497643806 0)
(0.9599276384 0.1881223342 0)
(0.3568799977 0.3324239318 0)
(0.3734765367 0.3529075159 0)
(0.7430306347 0.3488832701 0)
(0.3827128672 0.3222861362 0)
(0.4515916845 0.4095641579 0)
(0.438418915 0.4375619205 0)
(0.4248963202 0.4131704029 0)
(0.6425556715 0.7920621544 0)
(0.4072920971 0.438277688 0)
(0.4736746098 0.3085605021 0)
(0.4448021814 0.2851484018 0)
(0.472884181 0.2697105072 0)
(0.6623046979 0.7755046027 0)
(0.61924644 0.7824723076 0)
(0.4432775162 0.3153998843 0)
(0.5184124897 0.6630390939 0)
(0.5119135773 0.7032047868 0)
(0.1303140179 0.6188737418 0)
(0.1032405963 0.6453223656 0)
(0.1029979958 0.6161319405 0)
(0.1124326064 0.5866233553 0)
(0.5402653742 0.6828025465 0)
(0.2920546076 0.2711441533 0)
(0.4901263967 0.723451494 0)
(0.7103642522 0.4222240931 0)
(0.7470456721 0.4257161605 0)
(0.7257894335 0.4475069737 0)
(0.642888411 0.8457544307 0)
(0.8594318148 0.6724010881 0)
(0.7301218391 0.3994586809 0)
(0.7435637001 0.4723350117 0)
(0.7057048782 0.4722399617 0)
(0.7225667786 0.4968614727 0)
(0.5893930996 0.5802242261 0)
(0.6246665781 0.5700775871 0)
(0.6147825447 0.5999244547 0)
(0.6044477632 0.5513248736 0)
(0.6324910174 0.6143059614 0)
(0.6108282763 0.6310783186 0)
(0.8631285333 0.6244189294 0)
(0.6407817093 0.6420976977 0)
(0.6480823976 0.3708853826 0)
(0.6205853022 0.3980087379 0)
(0.6291936618 0.3502133927 0)
(0.6349973562 0.4255937166 0)
(0.5985381792 0.4204002218 0)
(0.6121850376 0.44760684 0)
(0.3882515465 0.8798066213 0)
(0.3727946108 0.8951971847 0)
(0.3729347189 0.8640329584 0)
(0.7679146095 0.3976976322 0)
(0.7623838093 0.4480716259 0)
(0.1903612927 0.546001007 0)
(0.1738416014 0.5729892515 0)
(0.1579727475 0.5411814259 0)
(0.1443665741 0.5751854246 0)
(0.2058754432 0.5252175919 0)
(0.2250811226 0.554150323 0)
(0.4046092792 0.8668698105 0)
(0.4032419784 0.8997493971 0)
(0.4165596871 0.2876591622 0)
(0.4130554221 0.3183867359 0)
(0.3819155456 0.2911954885 0)
(0.6249335373 0.5236997685 0)
(0.6621989457 0.521202105 0)
(0.6427579089 0.5458927389 0)
(0.6455463959 0.4975743162 0)
(0.08692799135 0.6716998141 0)
(0.646558681 0.5901218925 0)
(0.4650683168 0.3783462166 0)
(0.4706281593 0.4383193773 0)
(0.3977511106 0.8396440266 0)
(0.369263794 0.8371224673 0)
(0.3755762131 0.4544791492 0)
(0.351149281 0.4387888307 0)
(0.3814011981 0.4273545297 0)
(0.4045706489 0.3495396002 0)
(0.4388483607 0.3485185727 0)
(0.3943880676 0.3729451645 0)
(0.3661467663 0.3833577248 0)
(0.6938302204 0.4001165419 0)
(0.6793619723 0.3795947339 0)
(0.713447647 0.3723011994 0)
(0.6807740575 0.3541302165 0)
(0.6730430961 0.4251801535 0)
(0.7948627439 0.6222011646 0)
(0.7753317093 0.6487105276 0)
(0.6888887595 0.4481493875 0)
(0.6667856211 0.472646702 0)
(0.6276887895 0.4725966463 0)
(0.6507883502 0.4493825336 0)
(0.6566425156 0.4019403903 0)
(0.7038857447 0.7553901985 0)
(0.7169775851 0.5540134029 0)
(0.7011182028 0.5207953647 0)
(0.7392679783 0.5247639321 0)
(0.5174522864 0.741633516 0)
(0.5495653458 0.7174286129 0)
(0.135167575 0.6510014863 0)
(0.553695431 0.5942980384 0)
(0.5660601059 0.5575075315 0)
(0.5847576155 0.6137387423 0)
(0.5470786906 0.5300870945 0)
(0.5855947882 0.5262103783 0)
(0.1731681074 0.2432103772 0)
(0.5055149446 0.5329047151 0)
(0.5279819362 0.5015058487 0)
(0.4955628366 0.4967973342 0)
(0.5602465125 0.4135198609 0)
(0.5726723204 0.4419023288 0)
(0.5856155369 0.4715201189 0)
(0.5508697249 0.469948931 0)
(0.5658368371 0.4977936349 0)
(0.6840020179 0.4968409852 0)
(0.7601868792 0.4990169606 0)
(0.6916719571 0.7868338812 0)
(0.7560292025 0.5533979788 0)
(0.0428288507 0.3788024774 0)
(0.7832498076 0.4712998289 0)
(0.4085542542 0.6867277396 0)
(0.4334375573 0.668150077 0)
(0.4353713953 0.7015645465 0)
(0.4096443443 0.6565176528 0)
(0.4310183572 0.631403372 0)
(0.582941582 0.6499595241 0)
(0.5669588141 0.6820007659 0)
(0.5497774969 0.6543682851 0)
(0.1610031942 0.3687316832 0)
(0.1221278415 0.5548727666 0)
(0.1221022728 0.5243043511 0)
(0.1444751089 0.5081537342 0)
(0.8410597167 0.3368116838 0)
(0.1768369715 0.5092200813 0)
(0.8594852614 0.3625217203 0)
(0.5635035678 0.7903161588 0)
(0.5393697586 0.786895253 0)
(0.4501851053 0.7528832593 0)
(0.4467730274 0.7834869274 0)
(0.4210773132 0.7667975109 0)
(0.4175009205 0.7943431564 0)
(0.4623569283 0.7204215511 0)
(0.4820707369 0.7507279682 0)
(0.3237348108 0.4271383212 0)
(0.3055305578 0.4057862082 0)
(0.3260431231 0.4020639323 0)
(0.2860556604 0.4212104008 0)
(0.3542618041 0.4092554042 0)
(0.6714715965 0.2806824264 0)
(0.6783090051 0.3178859103 0)
(0.646276096 0.3000702551 0)
(0.5864222569 0.7072040544 0)
(0.6441733187 0.2660415397 0)
(0.5528386059 0.7596740368 0)
(0.5384709315 0.3526524428 0)
(0.5464369759 0.3841075004 0)
(0.5638214132 0.3386924118 0)
(0.468399153 0.5437855269 0)
(0.4957433314 0.572261188 0)
(0.532031424 0.5634097653 0)
(0.4969809412 0.2804257617 0)
(0.5128605881 0.3010034136 0)
(0.7859387752 0.2636394462 0)
(0.4739164081 0.2424486991 0)
(0.4973565085 0.2509157368 0)
(0.5245970118 0.2287328547 0)
(0.5253655035 0.2705741444 0)
(0.1296391823 0.3774718769 0)
(0.5532902003 0.2508895596 0)
(0.4259903359 0.5723905345 0)
(0.4084220237 0.6017324714 0)
(0.777844493 0.3659492915 0)
(0.4380663934 0.5991158919 0)
(0.2807252914 0.7679444816 0)
(0.3015542732 0.7370406939 0)
(0.3147561001 0.7682314063 0)
(0.4605944632 0.5788902631 0)
(0.5419273974 0.3178831237 0)
(0.5065702882 0.334048429 0)
(0.5224287719 0.04731885138 0)
(0.4848959889 0.467907125 0)
(0.5166482967 0.469188146 0)
(0.5286306767 0.6233464507 0)
(0.6583534752 0.1123320338 0)
(0.457651412 0.4601914767 0)
(0.4320644854 0.4673482351 0)
(0.5087416688 0.7782965591 0)
(0.6052117954 0.4968493671 0)
(0.4727248364 0.3441259313 0)
(0.4249426388 0.3821934759 0)
(0.5589166804 0.286993659 0)
(0.5607614761 0.6261552247 0)
(0.4018849455 0.4747679839 0)
(0.3725701372 0.4859021234 0)
(0.4260170573 0.5018135361 0)
(0.6985241765 0.288078124 0)
(0.2492086854 0.3111700976 0)
(0.3752031465 0.1561509786 0)
(0.07225489145 0.5185240917 0)
(0.8181632146 0.579052758 0)
(0.8170863922 0.6041201476 0)
(0.7952404915 0.5916592554 0)
(0.8426743108 0.5986995101 0)
(0.3655309555 0.2605945072 0)
(0.3401700905 0.2601490337 0)
(0.7136773649 0.7295547064 0)
(0.6828181571 0.7263381745 0)
(0.7007299207 0.7011599829 0)
(0.3015239178 0.1234677983 0)
(0.6345768304 0.2050995854 0)
(0.9104084615 0.427977247 0)
(0.4587140291 0.8642871357 0)
(0.4330273717 0.8786471359 0)
(0.4811708238 0.8808974665 0)
(0.4280910402 0.9105500272 0)
(0.5546173973 0.8921063986 0)
(0.7574216618 0.7023921236 0)
(0.7261331984 0.7027361286 0)
(0.7351104276 0.6761116096 0)
(0.7576702379 0.6693137082 0)
(0.8934477373 0.5730624256 0)
(0.8663986005 0.5874574537 0)
(0.8970450584 0.5450832637 0)
(0.3354688865 0.7430954404 0)
(0.4162846172 0.8181546097 0)
(0.4926860376 0.03692955385 0)
(0.9158807983 0.5599627049 0)
(0.4321960583 0.8435840315 0)
(0.1054058895 0.8245060928 0)
(0.5927808287 0.6802415737 0)
(0.2228237279 0.670364263 0)
(0.2862605502 0.3916920811 0)
(0.07062701544 0.448429185 0)
(0.6452864457 0.3263107884 0)
(0.7422356593 0.6410556726 0)
(0.7684181744 0.6242272462 0)
(0.7539482606 0.6074790499 0)
(0.7122536362 0.6823142694 0)
(0.3448950308 0.7649296762 0)
(0.4772133676 0.5178013645 0)
(0.2774572846 0.7423138856 0)
(0.6220408221 0.2891049792 0)
(0.8289605864 0.420538104 0)
(0.1956000903 0.6007481694 0)
(0.2254320316 0.5890273445 0)
(0.2025598701 0.5732473683 0)
(0.8275895915 0.6256560203 0)
(0.09480445132 0.4328375833 0)
(0.1139155616 0.413689057 0)
(0.1227382069 0.4488937818 0)
(0.2658930953 0.3775141462 0)
(0.2617153229 0.3547155685 0)
(0.7782476055 0.6042127631 0)
(0.4665015123 0.05069751319 0)
(0.9229720354 0.5358937495 0)
(0.8410960917 0.6498452823 0)
(0.6427055927 0.1392308009 0)
(0.6159865534 0.1579793142 0)
(0.6099740213 0.85887844 0)
(0.6607631949 0.2345355197 0)
(0.2207708901 0.4063749273 0)
(0.623660926 0.1816927913 0)
(0.6009278024 0.1923842446 0)
(0.3952402429 0.2608152788 0)
(0.7473978151 0.3773585032 0)
(0.7714268988 0.5807346604 0)
(0.7390398759 0.5820597449 0)
(0.505974145 0.3722377406 0)
(0.5805657963 0.2667494451 0)
(0.09413143728 0.466561216 0)
(0.4978248247 0.6067164921 0)
(0.4466730869 0.8098414701 0)
(0.831354452 0.6745369707 0)
(0.308842829 0.6854786987 0)
(0.6683013726 0.259389589 0)
(0.5934081651 0.1398776634 0)
(0.6780652483 0.6934753548 0)
(0.2099837092 0.6477357547 0)
(0.3382918996 0.4996445881 0)
(0.3639860135 0.5245018668 0)
(0.3393471816 0.4625107813 0)
(0.4641695504 0.6179578698 0)
(0.7243213494 0.6125842123 0)
(0.6795249884 0.7571888198 0)
(0.2757467331 0.6405158885 0)
(0.6832695371 0.2254956948 0)
(0.9274825729 0.5128295212 0)
(0.4611224856 0.4914768056 0)
(0.3997991509 0.7490497982 0)
(0.4237818476 0.7435029713 0)
(0.4101782444 0.7211306728 0)
(0.2997663792 0.7100248553 0)
(0.1386907736 0.5939173563 0)
(0.3103518616 0.4812697679 0)
(0.7110409098 0.5863328717 0)
(0.4723378073 0.7842185039 0)
(0.1525246195 0.4749381843 0)
(0.7931716245 0.07250158311 0)
(0.8804290875 0.5304129847 0)
(0.8763846538 0.5081994875 0)
(0.9027319714 0.5148628139 0)
(0.2438217428 0.3663410119 0)
(0.4639423345 0.1823628479 0)
(0.5064731193 0.1542806925 0)
(0.3915901624 0.6316597329 0)
(0.3690642411 0.5989951405 0)
(0.2278700037 0.6913552109 0)
(0.791546659 0.3872323938 0)
(0.3757705849 0.667066071 0)
(0.3817272028 0.7045948263 0)
(0.6563291135 0.3438851381 0)
(0.525421272 0.593780377 0)
(0.4903950052 0.213602454 0)
(0.182348167 0.4738033198 0)
(0.2089207294 0.4973555342 0)
(0.3596405598 0.6336418103 0)
(0.4464774309 0.1935063383 0)
(0.4545835815 0.2173974696 0)
(0.4807188365 0.5913335823 0)
(0.7998646161 0.5037295496 0)
(0.3037560679 0.4503526888 0)
(0.2436090814 0.3912134863 0)
(0.3933326989 0.4037934843 0)
(0.4525923825 0.5177945031 0)
(0.3829906253 0.7322619941 0)
(0.5293126944 0.7657050595 0)
(0.3545659196 0.3080738898 0)
(0.8653044638 0.4825433067 0)
(0.2605447492 0.5774062364 0)
(0.332451476 0.5343210681 0)
(0.4441031752 0.1508512324 0)
(0.4355525327 0.5383369167 0)
(0.4375946353 0.7276499126 0)
(0.533556594 0.2950580255 0)
(0.263822788 0.4048547056 0)
(0.3726804618 0.1824916164 0)
(0.4508847823 0.5568319733 0)
(0.8933425396 0.4881241501 0)
(0.3428393245 0.6131929768 0)
(0.6596459311 0.6147091166 0)
(0.3411422782 0.591676628 0)
(0.5532784113 0.8128578327 0.1)
(0.56976669 0.8353191718 0.1)
(0.5426757721 0.8385870302 0.1)
(0.7697616225 0.08098123943 0.1)
(0.7530103411 0.04796221642 0.1)
(0.7855477413 0.04763697034 0.1)
(0.7360198257 0.7555849112 0.1)
(0.7389053091 0.7888534936 0.1)
(0.7196021748 0.776840698 0.1)
(0.7585988132 0.7746662198 0.1)
(0.2873818855 0.09725114846 0.1)
(0.2652407443 0.06768142497 0.1)
(0.2942750297 0.06782227561 0.1)
(0.8789050834 0.3397813963 0.1)
(0.9104925846 0.3438946553 0.1)
(0.8949693231 0.3652703565 0.1)
(0.7016287968 0.9171157995 0.1)
(0.722404911 0.9010661029 0.1)
(0.7167541328 0.9312100073 0.1)
(0.8990076066 0.3179909123 0.1)
(0.6861724683 0.963680908 0.1)
(0.6600879067 0.9595619685 0.1)
(0.8186754821 0.725224429 0.1)
(0.7821567145 0.7200381796 0.1)
(0.8107710781 0.6933996944 0.1)
(0.797982217 0.7509494841 0.1)
(0.2195512549 0.7505522235 0.1)
(0.2347923842 0.769400633 0.1)
(0.2119621794 0.7783301778 0.1)
(0.2529702657 0.7493287149 0.1)
(0.3661883531 0.07108175003 0.1)
(0.370559736 0.0943720674 0.1)
(0.3445039114 0.07940058577 0.1)
(0.3502008411 0.1068238755 0.1)
(0.8632974072 0.3226960018 0.1)
(0.8549959299 0.2964323824 0.1)
(0.8778351627 0.2956619399 0.1)
(0.8322180638 0.3108099222 0.1)
(0.2467224544 0.2662204391 0.1)
(0.2709140946 0.2582685825 0.1)
(0.2609127471 0.2830090521 0.1)
(0.2496737613 0.2378401831 0.1)
(0.5566495271 0.8611304788 0.1)
(0.4855957571 0.4077935542 0.1)
(0.521557736 0.4007996379 0.1)
(0.5014320274 0.4372532672 0.1)
(0.2882770183 0.8245353378 0.1)
(0.2964674682 0.7957781018 0.1)
(0.3156907828 0.8230168248 0.1)
(0.2657796585 0.8038893359 0.1)
(0.1416838223 0.6987298754 0.1)
(0.144502342 0.6745222333 0.1)
(0.1665746328 0.6870045383 0.1)
(0.163389572 0.6583717111 0.1)
(0.06346003785 0.7265067143 0.1)
(0.06369664002 0.6916193913 0.1)
(0.0888194419 0.7203939657 0.1)
(0.09041029063 0.2888257649 0.1)
(0.05343861728 0.2801030765 0.1)
(0.08873988993 0.2569305536 0.1)
(0.2002325701 0.6965681317 0.1)
(0.1878108008 0.6687109737 0.1)
(0.169969858 0.7154684833 0.1)
(0.3190362168 0.912285259 0.1)
(0.3452250751 0.9365542655 0.1)
(0.314032248 0.9416545257 0.1)
(0.6267423771 0.9084498021 0.1)
(0.635871069 0.8779779604 0.1)
(0.6565783357 0.9012540304 0.1)
(0.6643968648 0.8712730566 0.1)
(0.8990041547 0.630999347 0.1)
(0.9086230328 0.6563553599 0.1)
(0.8769629681 0.6518011808 0.1)
(0.8886389297 0.6768395051 0.1)
(0.8896930597 0.603936608 0.1)
(0.9184467709 0.6139938515 0.1)
(0.9245233597 0.5863532916 0.1)
(0.3412247097 0.153376585 0.1)
(0.3324023087 0.1238681015 0.1)
(0.3566989486 0.1314198517 0.1)
(0.04897724287 0.6059076514 0.1)
(0.06460432199 0.6241394914 0.1)
(0.04180037948 0.6325500417 0.1)
(0.07995627763 0.601522446 0.1)
(0.8071230381 0.37379174 0.1)
(0.8303835358 0.3579103126 0.1)
(0.830777971 0.3865051635 0.1)
(0.8099610979 0.3419085479 0.1)
(0.2828041997 0.237216033 0.1)
(0.3002420972 0.2081133756 0.1)
(0.3159363938 0.2417658292 0.1)
(0.2680042444 0.2061640741 0.1)
(0.1883078711 0.9636139781 0.1)
(0.2142565549 0.9522934509 0.1)
(0.04801708995 0.8429339748 0.1)
(0.04587081012 0.8107871887 0.1)
(0.07729357574 0.822646781 0.1)
(0.0728629927 0.8578459943 0.1)
(0.0982775551 0.8464062281 0.1)
(0.06550216337 0.1503277158 0.1)
(0.05834798398 0.1865415596 0.1)
(0.04024091067 0.1590027228 0.1)
(0.2687213142 0.1767035208 0.1)
(0.2850789855 0.1521142504 0.1)
(0.29199685 0.1788034398 0.1)
(0.8269535478 0.941566654 0.1)
(0.8036776293 0.9561900066 0.1)
(0.8217564396 0.9031680979 0.1)
(0.8501616112 0.9226139955 0.1)
(0.8493337041 0.8979901451 0.1)
(0.8388363305 0.04537807595 0.1)
(0.8722477616 0.04001554232 0.1)
(0.8601995199 0.06666026132 0.1)
(0.2532667457 0.1540678581 0.1)
(0.1890359304 0.9327566899 0.1)
(0.912334786 0.8425522734 0.1)
(0.8899994277 0.8215645542 0.1)
(0.923099652 0.8161263121 0.1)
(0.8842325495 0.8514719207 0.1)
(0.9328747032 0.7920906322 0.1)
(0.9567737073 0.8128943899 0.1)
(0.5364634219 0.4377835088 0.1)
(0.3172709013 0.178932658 0.1)
(0.3337853043 0.2098782995 0.1)
(0.9073415113 0.7937092592 0.1)
(0.3515093107 0.1811207326 0.1)
(0.9534450406 0.2218847637 0.1)
(0.9337341008 0.2011136865 0.1)
(0.904363617 0.2082631402 0.1)
(0.9157664629 0.1753390147 0.1)
(0.8872833767 0.1752119803 0.1)
(0.3126635572 0.15079276 0.1)
(0.1975084794 0.2684080757 0.1)
(0.2008437702 0.2396465111 0.1)
(0.22357649 0.2553970028 0.1)
(0.1445788013 0.28679721 0.1)
(0.1621693378 0.3027209372 0.1)
(0.137276552 0.3176661597 0.1)
(0.7836530084 0.9365273438 0.1)
(0.7822186072 0.9615851717 0.1)
(0.7631230414 0.9470967625 0.1)
(0.2203964919 0.226243325 0.1)
(0.9204978809 0.7307022924 0.1)
(0.9537082183 0.7488179757 0.1)
(0.9224593921 0.7671752589 0.1)
(0.9552761681 0.7199903296 0.1)
(0.1699238049 0.3318782136 0.1)
(0.04554134228 0.8787736293 0.1)
(0.9458988386 0.6129109283 0.1)
(0.9576679449 0.5849284507 0.1)
(0.194815759 0.7292993479 0.1)
(0.2311070663 0.7175298048 0.1)
(0.894606806 0.4592496516 0.1)
(0.8657689154 0.4540965465 0.1)
(0.8809427094 0.4235205287 0.1)
(0.04172560923 0.1016281028 0.1)
(0.06908295758 0.09345776463 0.1)
(0.06194829809 0.1220922055 0.1)
(0.03892089185 0.129392097 0.1)
(0.08724721962 0.2031787325 0.1)
(0.1196198634 0.1982926006 0.1)
(0.1091486004 0.2287462949 0.1)
(0.8006918722 0.09901697019 0.1)
(0.7722229159 0.1074544939 0.1)
(0.9259950454 0.2405177758 0.1)
(0.9581873678 0.2571748285 0.1)
(0.9299124739 0.2739839789 0.1)
(0.1172326546 0.294723241 0.1)
(0.226061164 0.09950786872 0.1)
(0.2180042295 0.1266063845 0.1)
(0.197579849 0.1093618568 0.1)
(0.1898934501 0.1366170607 0.1)
(0.8479496661 0.4364967448 0.1)
(0.8813791772 0.9307602442 0.1)
(0.9082570025 0.9343260485 0.1)
(0.90134987 0.9575825874 0.1)
(0.1030455635 0.3156420032 0.1)
(0.8765656332 0.9623608304 0.1)
(0.1225358761 0.04447754797 0.1)
(0.09272753169 0.04030122947 0.1)
(0.04274803229 0.3162189322 0.1)
(0.9585417833 0.9064969737 0.1)
(0.9531983235 0.8757377124 0.1)
(0.5832541711 0.8760767527 0.1)
(0.5842778242 0.85234896 0.1)
(0.2459910684 0.1882969978 0.1)
(0.2419860644 0.2129530222 0.1)
(0.2191794079 0.1994811021 0.1)
(0.6001888123 0.08742705827 0.1)
(0.5635518592 0.09418781927 0.1)
(0.5709151348 0.06801276627 0.1)
(0.8992060799 0.03883375797 0.1)
(0.9095852526 0.06343874816 0.1)
(0.8852446391 0.0579711587 0.1)
(0.7149481718 0.6588577553 0.1)
(0.6932285768 0.6459108284 0.1)
(0.7155666509 0.6352906422 0.1)
(0.2217753596 0.8975108573 0.1)
(0.2170139498 0.863683254 0.1)
(0.2435662733 0.8730468978 0.1)
(0.6930774114 0.6167102238 0.1)
(0.2862778147 0.9556119801 0.1)
(0.93962653 0.5590478185 0.1)
(0.9527353283 0.5277131338 0.1)
(0.9639797137 0.5594355809 0.1)
(0.7105612123 0.9583454096 0.1)
(0.7003341214 0.1883155746 0.1)
(0.683455962 0.1664948541 0.1)
(0.7156460997 0.1632177613 0.1)
(0.7508999099 0.8933420297 0.1)
(0.7794649144 0.8702854844 0.1)
(0.7864922492 0.9055859745 0.1)
(0.7032877193 0.1387031445 0.1)
(0.2474305113 0.1228993215 0.1)
(0.7065808542 0.2165418033 0.1)
(0.6710062703 0.1949571634 0.1)
(0.1460835865 0.7634797268 0.1)
(0.1552257788 0.7940115858 0.1)
(0.1232160591 0.7822744825 0.1)
(0.7091142099 0.340228935 0.1)
(0.7195176072 0.3096099703 0.1)
(0.7262559738 0.331606866 0.1)
(0.9322584131 0.6965499682 0.1)
(0.1821035394 0.8170639493 0.1)
(0.1527412077 0.8224611027 0.1)
(0.648329225 0.1696002565 0.1)
(0.4346155213 0.956059188 0.1)
(0.4041770602 0.9584925767 0.1)
(0.4148760183 0.9346046094 0.1)
(0.27106659 0.718530743 0.1)
(0.2512430191 0.6870742617 0.1)
(0.8248895242 0.1991836866 0.1)
(0.8238314666 0.1691612268 0.1)
(0.8529967821 0.1791572268 0.1)
(0.5823444196 0.1168344068 0.1)
(0.597793317 0.06042736609 0.1)
(0.3426110316 0.0469033274 0.1)
(0.09626739904 0.9405801277 0.1)
(0.08966316385 0.9122144002 0.1)
(0.1178860276 0.9217560702 0.1)
(0.7285437511 0.2738191954 0.1)
(0.7587106662 0.2769729749 0.1)
(0.7470125499 0.2957757239 0.1)
(0.5989602857 0.8302150775 0.1)
(0.7568031699 0.24863369 0.1)
(0.93615073 0.8995006618 0.1)
(0.9122775598 0.9115530558 0.1)
(0.9211842598 0.8848714823 0.1)
(0.7488635838 0.3198750374 0.1)
(0.7416127328 0.8564892861 0.1)
(0.5422844045 0.07319492067 0.1)
(0.5333644038 0.09904817051 0.1)
(0.2216931779 0.4350495071 0.1)
(0.2009062923 0.4501163498 0.1)
(0.1971253468 0.4245327358 0.1)
(0.08436512309 0.1116839174 0.1)
(0.08142540528 0.1326321191 0.1)
(0.04557408179 0.7523869059 0.1)
(0.07691456368 0.749641876 0.1)
(0.06910395586 0.7841912063 0.1)
(0.07313781861 0.9275052382 0.1)
(0.06102617779 0.9037655229 0.1)
(0.1761411636 0.447009915 0.1)
(0.8619876266 0.270205618 0.1)
(0.8528741002 0.2396842682 0.1)
(0.8874765189 0.2454183378 0.1)
(0.1224162472 0.9548644974 0.1)
(0.144350604 0.929262107 0.1)
(0.3507206756 0.2357047339 0.1)
(0.1559297456 0.9593451644 0.1)
(0.580886973 0.9058149039 0.1)
(0.6057768122 0.890003091 0.1)
(0.6022504232 0.9142101105 0.1)
(0.3379382418 0.8489119904 0.1)
(0.3500039748 0.8169805494 0.1)
(0.2109290872 0.3278620279 0.1)
(0.2187564468 0.3684518493 0.1)
(0.1862731654 0.3556606808 0.1)
(0.7572627892 0.1317648192 0.1)
(0.7702638676 0.1570858468 0.1)
(0.7428150981 0.1599294365 0.1)
(0.9298686626 0.8558404636 0.1)
(0.1876923122 0.3918353885 0.1)
(0.9579774117 0.8443198882 0.1)
(0.9297321306 0.1445023954 0.1)
(0.9247738479 0.1160006625 0.1)
(0.9548965085 0.1290211668 0.1)
(0.5949105527 0.9595749932 0.1)
(0.5850934387 0.9373146646 0.1)
(0.6126445616 0.9359206215 0.1)
(0.9618651576 0.1571503867 0.1)
(0.7677756956 0.7498651369 0.1)
(0.7460512695 0.725906752 0.1)
(0.3306058936 0.7937400717 0.1)
(0.3605524468 0.7880683379 0.1)
(0.2381988486 0.3398754225 0.1)
(0.7409890335 0.2205051965 0.1)
(0.7259924786 0.245034745 0.1)
(0.7307846798 0.1900394065 0.1)
(0.6932456096 0.2526291404 0.1)
(0.8390746304 0.7983736581 0.1)
(0.8157673344 0.8097259591 0.1)
(0.8132926513 0.780806564 0.1)
(0.09789183431 0.7702258036 0.1)
(0.07489526742 0.8857161204 0.1)
(0.09147551028 0.9652094326 0.1)
(0.7981230568 0.1578191398 0.1)
(0.7800486868 0.1880671607 0.1)
(0.09790296041 0.09204808766 0.1)
(0.5835791399 0.1649950454 0.1)
(0.5690269518 0.1934527277 0.1)
(0.5577448069 0.1682197169 0.1)
(0.06365569569 0.5538851482 0.1)
(0.03506298702 0.5625746501 0.1)
(0.04081781905 0.5354462341 0.1)
(0.8537599949 0.954341954 0.1)
(0.9357560212 0.4199319755 0.1)
(0.9468614474 0.391189193 0.1)
(0.9609999324 0.4111627372 0.1)
(0.9106214743 0.3938097513 0.1)
(0.9583293715 0.4403878228 0.1)
(0.8880080826 0.07978125989 0.1)
(0.9148914228 0.08921659315 0.1)
(0.9275116288 0.4493988678 0.1)
(0.540549916 0.1968219715 0.1)
(0.2925664654 0.6635259558 0.1)
(0.3033531431 0.6375630889 0.1)
(0.3168195332 0.6641522116 0.1)
(0.1571441668 0.05066670295 0.1)
(0.494766241 0.9346284802 0.1)
(0.5015102369 0.9636439652 0.1)
(0.4692044112 0.954371245 0.1)
(0.09315312568 0.8705992321 0.1)
(0.1052938211 0.8931187856 0.1)
(0.3307819962 0.6353725902 0.1)
(0.1853679292 0.6337858115 0.1)
(0.1585682749 0.6348483012 0.1)
(0.1611003034 0.6042713877 0.1)
(0.8960463322 0.1059658374 0.1)
(0.8685920674 0.09503363017 0.1)
(0.2822510375 0.6883036641 0.1)
(0.2701331997 0.6664609487 0.1)
(0.6840360739 0.9314809807 0.1)
(0.4951344311 0.08668980629 0.1)
(0.515665724 0.0769793792 0.1)
(0.5082079122 0.1047141084 0.1)
(0.162394601 0.912924084 0.1)
(0.1680037504 0.9395804047 0.1)
(0.1361697011 0.8973708231 0.1)
(0.8807408019 0.3880761677 0.1)
(0.8929244422 0.8974041986 0.1)
(0.4939195367 0.06309703883 0.1)
(0.7792285677 0.4247176927 0.1)
(0.8057191541 0.4288423079 0.1)
(0.7900836897 0.4447336986 0.1)
(0.9392737768 0.8339467635 0.1)
(0.9026858404 0.8691928017 0.1)
(0.8022244715 0.403244731 0.1)
(0.8364050974 0.08342453258 0.1)
(0.8095724743 0.03660431939 0.1)
(0.7816734798 0.6814175535 0.1)
(0.8066894769 0.6546510878 0.1)
(0.1592293651 0.07994571016 0.1)
(0.1316050214 0.07901115654 0.1)
(0.8425463807 0.5683645039 0.1)
(0.8430855147 0.5452698016 0.1)
(0.8668087208 0.5563049038 0.1)
(0.1838849632 0.03758776746 0.1)
(0.4138001853 0.06444260764 0.1)
(0.4027658832 0.03802920098 0.1)
(0.4344887444 0.04282611856 0.1)
(0.8584992656 0.5277340773 0.1)
(0.2508987778 0.6566278952 0.1)
(0.2318915533 0.6445742409 0.1)
(0.2535544339 0.6307777686 0.1)
(0.2211227538 0.6218143827 0.1)
(0.5730655431 0.04074832878 0.1)
(0.5499457004 0.04978106713 0.1)
(0.3093799334 0.2995270144 0.1)
(0.323129095 0.2752972791 0.1)
(0.3317270954 0.2971250947 0.1)
(0.1013736459 0.1217076371 0.1)
(0.3884238272 0.7775189527 0.1)
(0.3669509613 0.7540191912 0.1)
(0.3857736498 0.8102594674 0.1)
(0.3495064502 0.2820725488 0.1)
(0.3005707877 0.3246072782 0.1)
(0.28130579 0.3029252826 0.1)
(0.2723568825 0.330353741 0.1)
(0.9060397409 0.1278218459 0.1)
(0.9417715312 0.1735851682 0.1)
(0.4581062385 0.09968275252 0.1)
(0.4488648856 0.07253738956 0.1)
(0.4729542039 0.08076377954 0.1)
(0.4268251769 0.09290692549 0.1)
(0.6133049632 0.7544097763 0.1)
(0.6323721188 0.7312802232 0.1)
(0.6383344568 0.7612952379 0.1)
(0.6058712272 0.7252412224 0.1)
(0.116991773 0.8696443327 0.1)
(0.9214678518 0.4834965404 0.1)
(0.09482716318 0.1481974421 0.1)
(0.6582297 0.7427582031 0.1)
(0.8677868035 0.907856878 0.1)
(0.8722330123 0.8801907299 0.1)
(0.4898288379 0.9043751687 0.1)
(0.4697452417 0.9275595197 0.1)
(0.458378034 0.8994915607 0.1)
(0.4458183778 0.9304393583 0.1)
(0.8977140209 0.1493577174 0.1)
(0.8775573058 0.1238123299 0.1)
(0.8557482519 0.4031226805 0.1)
(0.04122069913 0.7835521678 0.1)
(0.1205155122 0.1079625268 0.1)
(0.08951802444 0.4947194733 0.1)
(0.1177345512 0.4901092986 0.1)
(0.09865218796 0.5131943493 0.1)
(0.8108181253 0.06415943236 0.1)
(0.627067844 0.8150331577 0.1)
(0.6200349965 0.8385118688 0.1)
(0.3799105517 0.23488854 0.1)
(0.3964717657 0.2114123279 0.1)
(0.4081608156 0.2326777815 0.1)
(0.3688913401 0.2058942594 0.1)
(0.4327151706 0.2313587225 0.1)
(0.4244044974 0.258565319 0.1)
(0.2136311954 0.04323769696 0.1)
(0.1826753292 0.06351195927 0.1)
(0.1764432666 0.0924197791 0.1)
(0.1472078451 0.1030779931 0.1)
(0.4505744366 0.2507639424 0.1)
(0.6702766739 0.6366355829 0.1)
(0.6667214202 0.6672557714 0.1)
(0.6914319195 0.6725412635 0.1)
(0.08280449156 0.1744358645 0.1)
(0.782715005 0.775695939 0.1)
(0.7670565094 0.8039400627 0.1)
(0.6392420331 0.6751875124 0.1)
(0.6207177892 0.6982998845 0.1)
(0.6148634739 0.6643473274 0.1)
(0.1037385364 0.06563619889 0.1)
(0.6540237808 0.7049421604 0.1)
(0.6619319865 0.5675799236 0.1)
(0.6927281321 0.5649971497 0.1)
(0.6775211764 0.5897953164 0.1)
(0.6796187935 0.5457467808 0.1)
(0.438863413 0.1202018636 0.1)
(0.4645947578 0.1299268243 0.1)
(0.4804091437 0.1115187567 0.1)
(0.2598940829 0.4931606657 0.1)
(0.2883818714 0.4929227691 0.1)
(0.2708288918 0.5185026198 0.1)
(0.3062822128 0.5151789855 0.1)
(0.2317530439 0.4898259861 0.1)
(0.2508003952 0.4690120184 0.1)
(0.8529594451 0.1195845976 0.1)
(0.1086515634 0.1723595864 0.1)
(0.1292057111 0.1377217297 0.1)
(0.2197359242 0.4662464639 0.1)
(0.2685431016 0.6107652138 0.1)
(0.2460295283 0.6060515887 0.1)
(0.06183656614 0.3390514384 0.1)
(0.07355590568 0.3131780767 0.1)
(0.08963057717 0.3413433971 0.1)
(0.2857435357 0.592132964 0.1)
(0.2896396309 0.6177068372 0.1)
(0.8684057712 0.1473609182 0.1)
(0.3145644997 0.6041050502 0.1)
(0.09896212647 0.800097721 0.1)
(0.5267087763 0.1722004141 0.1)
(0.5386984072 0.1470581745 0.1)
(0.5218677807 0.851341246 0.1)
(0.5090073276 0.88008301 0.1)
(0.4899258906 0.8562504574 0.1)
(0.5327827505 0.8785076165 0.1)
(0.8622268785 0.8588507705 0.1)
(0.6258810583 0.960076126 0.1)
(0.4977246395 0.8291957911 0.1)
(0.5243085572 0.8156343377 0.1)
(0.9558472812 0.7808773512 0.1)
(0.4969701666 0.1790846778 0.1)
(0.5168849447 0.1993930566 0.1)
(0.4961685296 0.1316938074 0.1)
(0.4774168197 0.1526686019 0.1)
(0.4104422744 0.1578217351 0.1)
(0.3944931753 0.1388154023 0.1)
(0.420684589 0.1357721191 0.1)
(0.2057190174 0.07721409912 0.1)
(0.5199589538 0.9084589872 0.1)
(0.5273216712 0.9505028046 0.1)
(0.4085876782 0.1153993364 0.1)
(0.1662481932 0.1214070563 0.1)
(0.2319998089 0.06532194023 0.1)
(0.4310082499 0.1795771128 0.1)
(0.3971613109 0.1857635654 0.1)
(0.4239229718 0.2071569583 0.1)
(0.3562123532 0.6972252131 0.1)
(0.3279997984 0.7111944081 0.1)
(0.3389070247 0.6801134922 0.1)
(0.3566571549 0.723157267 0.1)
(0.3477970497 0.6555643506 0.1)
(0.2401888473 0.9509479363 0.1)
(0.5771793002 0.2207087672 0.1)
(0.6061289934 0.2240627774 0.1)
(0.5853648479 0.244530233 0.1)
(0.8434347403 0.8760677802 0.1)
(0.6307001997 0.2382673929 0.1)
(0.6096599493 0.2602406157 0.1)
(0.5483370042 0.2189330596 0.1)
(0.6085363461 0.3709691604 0.1)
(0.5724948883 0.3639142402 0.1)
(0.5935752277 0.3432621253 0.1)
(0.5842790788 0.3918239298 0.1)
(0.5785878024 0.3163226333 0.1)
(0.6163243521 0.3194992465 0.1)
(0.594512474 0.2898973802 0.1)
(0.6022776892 0.8033269442 0.1)
(0.5793126986 0.808063263 0.1)
(0.1382049318 0.1723311489 0.1)
(0.06203033594 0.2204418121 0.1)
(0.1667879985 0.8847244507 0.1)
(0.1917585375 0.8745092676 0.1)
(0.1908917736 0.9049943323 0.1)
(0.1645947034 0.8507323159 0.1)
(0.5231112466 0.1256953317 0.1)
(0.5520936226 0.1196441219 0.1)
(0.5655290361 0.1417953803 0.1)
(0.8140101595 0.8667891122 0.1)
(0.8410482476 0.8494178255 0.1)
(0.8260874777 0.1209074248 0.1)
(0.8057867413 0.1308085905 0.1)
(0.7759989576 0.5271843223 0.1)
(0.8038537946 0.5321766284 0.1)
(0.7916560939 0.5596340389 0.1)
(0.1897152058 0.8459965134 0.1)
(0.8195342067 0.5519104963 0.1)
(0.7192245166 0.1125709694 0.1)
(0.6901137019 0.1148829486 0.1)
(0.7045498486 0.08806739467 0.1)
(0.2883060455 0.3594935211 0.1)
(0.3190688823 0.3529473304 0.1)
(0.3274922268 0.3260629976 0.1)
(0.04200756377 0.5009881262 0.1)
(0.04290561776 0.4667500205 0.1)
(0.06481705436 0.4852084108 0.1)
(0.1409031046 0.8680344311 0.1)
(0.1281533302 0.8423364964 0.1)
(0.8335088175 0.4938517801 0.1)
(0.8112319151 0.4811202614 0.1)
(0.8408434894 0.4676109147 0.1)
(0.8863334227 0.7686529665 0.1)
(0.815434044 0.4500916944 0.1)
(0.8527862792 0.5066495836 0.1)
(0.8310221413 0.5214570645 0.1)
(0.4127492855 0.5264647032 0.1)
(0.3902752362 0.5403025995 0.1)
(0.3952773671 0.508690638 0.1)
(0.4122347322 0.5492776395 0.1)
(0.3514269676 0.5741790793 0.1)
(0.3491321293 0.5522042737 0.1)
(0.3699798309 0.5601084611 0.1)
(0.3278163585 0.5679108931 0.1)
(0.3959944 0.5704678078 0.1)
(0.7142665225 0.04185845189 0.1)
(0.8805008889 0.7962599849 0.1)
(0.8653643662 0.8127400676 0.1)
(0.2509602559 0.9042923809 0.1)
(0.2344022053 0.9268516617 0.1)
(0.2605142859 0.9301313219 0.1)
(0.7653478298 0.9208413076 0.1)
(0.7429892042 0.9243011903 0.1)
(0.7389045986 0.9549505614 0.1)
(0.2417296636 0.4485625317 0.1)
(0.2696640845 0.4466595055 0.1)
(0.7478940159 0.1083982805 0.1)
(0.7357928455 0.08389815993 0.1)
(0.1257901331 0.8091401041 0.1)
(0.7840585407 0.13065831 0.1)
(0.9066592772 0.264736049 0.1)
(0.8869261376 0.2734332587 0.1)
(0.90298621 0.2903268935 0.1)
(0.1703806802 0.181159677 0.1)
(0.1509906265 0.2009806407 0.1)
(0.7343619135 0.8217277204 0.1)
(0.7684278493 0.8368987386 0.1)
(0.9293352553 0.3038329458 0.1)
(0.639360793 0.09011379248 0.1)
(0.6280611401 0.06433885801 0.1)
(0.9587581195 0.3152674561 0.1)
(0.9557461792 0.3444658779 0.1)
(0.9302642601 0.3297941507 0.1)
(0.06556368355 0.2463587406 0.1)
(0.6192950226 0.1180743975 0.1)
(0.6939640826 0.06525807218 0.1)
(0.6743599201 0.08920531521 0.1)
(0.659817619 0.06457764946 0.1)
(0.2496207637 0.4219892949 0.1)
(0.3168862885 0.06333622409 0.1)
(0.3187642065 0.0933956009 0.1)
(0.8186925989 0.2382442515 0.1)
(0.7885411154 0.2383018856 0.1)
(0.7992476921 0.2117425612 0.1)
(0.817333823 0.8358937652 0.1)
(0.7721549914 0.2197600114 0.1)
(0.8552574703 0.7584344182 0.1)
(0.8775318877 0.73130288 0.1)
(0.05711534541 0.5808277026 0.1)
(0.03476213235 0.5870312275 0.1)
(0.8407089506 0.1469687503 0.1)
(0.717792618 0.8003613493 0.1)
(0.2118728497 0.8060148274 0.1)
(0.1870671637 0.7883581341 0.1)
(0.23519461 0.7953685571 0.1)
(0.8449017145 0.7358848278 0.1)
(0.825047691 0.7550507615 0.1)
(0.1916598739 0.7594246628 0.1)
(0.169578761 0.7753036013 0.1)
(0.1662278741 0.7456468756 0.1)
(0.1982149151 0.1876510835 0.1)
(0.191055132 0.1624792777 0.1)
(0.8735298282 0.2210882551 0.1)
(0.1871194573 0.2121421288 0.1)
(0.733099405 0.1337200008 0.1)
(0.8051517849 0.1840206799 0.1)
(0.2213684499 0.1696000553 0.1)
(0.209314259 0.1506038713 0.1)
(0.2325576214 0.1446201965 0.1)
(0.9561226525 0.2864337599 0.1)
(0.7949968964 0.8466847537 0.1)
(0.7930084055 0.8222004893 0.1)
(0.281824804 0.4697238337 0.1)
(0.04155830406 0.3477840933 0.1)
(0.1213361076 0.7551368457 0.1)
(0.2121615474 0.8345367181 0.1)
(0.09663803034 0.7441466602 0.1)
(0.8379936605 0.7757904899 0.1)
(0.8597364457 0.7839245831 0.1)
(0.1566057731 0.2234607148 0.1)
(0.1340130536 0.218497574 0.1)
(0.1382512507 0.2422222433 0.1)
(0.7203167282 0.06540885914 0.1)
(0.2992281893 0.04343237937 0.1)
(0.3183876499 0.03406860629 0.1)
(0.3109343663 0.9642939208 0.1)
(0.8735180848 0.1992993553 0.1)
(0.8494168197 0.2127761739 0.1)
(0.8659153519 0.8364803945 0.1)
(0.8441835271 0.8230932552 0.1)
(0.8199727591 0.1456411078 0.1)
(0.8042406122 0.9287108699 0.1)
(0.2103610301 0.9231338904 0.1)
(0.08199354303 0.2311253927 0.1)
(0.03971670664 0.7162164828 0.1)
(0.2476492219 0.04083517532 0.1)
(0.03741355459 0.212253579 0.1)
(0.03319721323 0.1861504905 0.1)
(0.1141753828 0.2509769675 0.1)
(0.1064491128 0.2723776381 0.1)
(0.1285292187 0.2697402981 0.1)
(0.1117062054 0.7299092446 0.1)
(0.9470369526 0.0994761359 0.1)
(0.9396284849 0.0714722607 0.1)
(0.9636564515 0.08177113229 0.1)
(0.9305328064 0.04335745857 0.1)
(0.04805538464 0.927610826 0.1)
(0.03703016036 0.9039700502 0.1)
(0.0668490122 0.9545412817 0.1)
(0.9293974072 0.9492984013 0.1)
(0.9551576308 0.9649180606 0.1)
(0.9577983778 0.9339599626 0.1)
(0.1400395642 0.728648048 0.1)
(0.9337697473 0.9224556995 0.1)
(0.1571590373 0.1492439183 0.1)
(0.0343194802 0.6892858855 0.1)
(0.06768569707 0.03687069323 0.1)
(0.04074673306 0.04790352215 0.1)
(0.6911383321 0.8948701082 0.1)
(0.07463992648 0.0648774122 0.1)
(0.04915150784 0.07732654961 0.1)
(0.6453450316 0.9327759421 0.1)
(0.0939123095 0.6929158869 0.1)
(0.1154083068 0.7080179862 0.1)
(0.1162884973 0.6775108965 0.1)
(0.1894402212 0.3002690839 0.1)
(0.1710650569 0.2772981084 0.1)
(0.2252708507 0.2883257576 0.1)
(0.1521186186 0.2609234766 0.1)
(0.03477573281 0.9543170179 0.1)
(0.717625503 0.876468629 0.1)
(0.3810790676 0.04830495675 0.1)
(0.9628668204 0.05040726451 0.1)
(0.4808340266 0.7010281645 0.1)
(0.4597427272 0.6848911888 0.1)
(0.487622532 0.6728930097 0.1)
(0.460339365 0.6502886788 0.1)
(0.9599618298 0.6832613563 0.1)
(0.8446661691 0.7046294517 0.1)
(0.7085444592 0.8467014419 0.1)
(0.6762657688 0.8427570648 0.1)
(0.6981808464 0.8183242346 0.1)
(0.6635114142 0.8128893205 0.1)
(0.4922652813 0.6416194846 0.1)
(0.6808079822 0.04127156256 0.1)
(0.6497756318 0.04129023902 0.1)
(0.04247874928 0.4058779968 0.1)
(0.2781488642 0.04183687587 0.1)
(0.961494852 0.6452926553 0.1)
(0.9413444375 0.6632085889 0.1)
(0.3374919154 0.9616913436 0.1)
(0.3681802016 0.9591856003 0.1)
(0.3810439817 0.9325703909 0.1)
(0.6700778719 0.141255827 0.1)
(0.930133858 0.6357927135 0.1)
(0.9008163138 0.7026464178 0.1)
(0.9156538487 0.679490824 0.1)
(0.06639396745 0.6522233322 0.1)
(0.03957674458 0.663029775 0.1)
(0.8395930924 0.283424476 0.1)
(0.8134579598 0.2810824325 0.1)
(0.8351748042 0.2595435578 0.1)
(0.5583442579 0.9553885473 0.1)
(0.5541720086 0.9226496521 0.1)
(0.8699967541 0.699656272 0.1)
(0.9535895143 0.4979067901 0.1)
(0.2560919884 0.7790292327 0.1)
(0.2723792359 0.8744314492 0.1)
(0.2811244005 0.9022321523 0.1)
(0.3048594883 0.881943304 0.1)
(0.3000559092 0.8513278575 0.1)
(0.2399832239 0.8220745114 0.1)
(0.2556335682 0.09564361003 0.1)
(0.271719269 0.1242406645 0.1)
(0.7779375963 0.334772953 0.1)
(0.8031612413 0.3133139324 0.1)
(0.7794271409 0.2986014426 0.1)
(0.9549413944 0.4681150035 0.1)
(0.3397295523 0.8830852672 0.1)
(0.3178889609 0.8668180084 0.1)
(0.3921880189 0.08642781286 0.1)
(0.378275935 0.1184870463 0.1)
(0.08459412922 0.6298153475 0.1)
(0.3515658873 0.9119384734 0.1)
(0.08782316106 0.5693409918 0.1)
(0.9297521381 0.3622287 0.1)
(0.09165119967 0.538314532 0.1)
(0.9596641183 0.369376994 0.1)
(0.2573961896 0.9610882477 0.1)
(0.04366481744 0.4351809275 0.1)
(0.1176567484 0.345142228 0.1)
(0.1423750763 0.3502369225 0.1)
(0.1346165638 0.4267522144 0.1)
(0.1501156242 0.4053070172 0.1)
(0.1514398191 0.4373671447 0.1)
(0.1725027363 0.4213017556 0.1)
(0.28291211 0.5463851572 0.1)
(0.3092002434 0.5464858021 0.1)
(0.296796916 0.5724043505 0.1)
(0.2353189299 0.8476443409 0.1)
(0.263718009 0.8424951291 0.1)
(0.8000830305 0.8862266883 0.1)
(0.07068637521 0.3651317116 0.1)
(0.09233155321 0.3887027183 0.1)
(0.06266330028 0.3921550614 0.1)
(0.07435506408 0.4166960756 0.1)
(0.2538196478 0.5483329495 0.1)
(0.2369748239 0.5198197634 0.1)
(0.7944680207 0.8000596565 0.1)
(0.2921969932 0.9283830478 0.1)
(0.5947391067 0.03501877318 0.1)
(0.6200615326 0.03872087272 0.1)
(0.6911526729 0.8663428053 0.1)
(0.5826395362 0.7400122676 0.1)
(0.5878348184 0.7761159029 0.1)
(0.04161603159 0.243192868 0.1)
(0.1027298343 0.3670725282 0.1)
(0.4755811848 0.8110320684 0.1)
(0.4963398409 0.8032612746 0.1)
(0.4668024815 0.8356984924 0.1)
(0.3467491828 0.3550099726 0.1)
(0.3367094807 0.3806118063 0.1)
(0.3079871256 0.3810364735 0.1)
(0.7566534086 0.2002367108 0.1)
(0.7561330706 0.1794925424 0.1)
(0.901506363 0.7497643806 0.1)
(0.9599276384 0.1881223342 0.1)
(0.3568799977 0.3324239318 0.1)
(0.3734765367 0.3529075159 0.1)
(0.7430306347 0.3488832701 0.1)
(0.3827128672 0.3222861362 0.1)
(0.4515916845 0.4095641579 0.1)
(0.438418915 0.4375619205 0.1)
(0.4248963202 0.4131704029 0.1)
(0.6425556715 0.7920621544 0.1)
(0.4072920971 0.438277688 0.1)
(0.4736746098 0.3085605021 0.1)
(0.4448021814 0.2851484018 0.1)
(0.472884181 0.2697105072 0.1)
(0.6623046979 0.7755046027 0.1)
(0.61924644 0.7824723076 0.1)
(0.4432775162 0.3153998843 0.1)
(0.5184124897 0.6630390939 0.1)
(0.5119135773 0.7032047868 0.1)
(0.1303140179 0.6188737418 0.1)
(0.1032405963 0.6453223656 0.1)
(0.1029979958 0.6161319405 0.1)
(0.1124326064 0.5866233553 0.1)
(0.5402653742 0.6828025465 0.1)
(0.2920546076 0.2711441533 0.1)
(0.4901263967 0.723451494 0.1)
(0.7103642522 0.4222240931 0.1)
(0.7470456721 0.4257161605 0.1)
(0.7257894335 0.4475069737 0.1)
(0.642888411 0.8457544307 0.1)
(0.8594318148 0.6724010881 0.1)
(0.7301218391 0.3994586809 0.1)
(0.7435637001 0.4723350117 0.1)
(0.7057048782 0.4722399617 0.1)
(0.7225667786 0.4968614727 0.1)
(0.5893930996 0.5802242261 0.1)
(0.6246665781 0.5700775871 0.1)
(0.6147825447 0.5999244547 0.1)
(0.6044477632 0.5513248736 0.1)
(0.6324910174 0.6143059614 0.1)
(0.6108282763 0.6310783186 0.1)
(0.8631285333 0.6244189294 0.1)
(0.6407817093 0.6420976977 0.1)
(0.6480823976 0.3708853826 0.1)
(0.6205853022 0.3980087379 0.1)
(0.6291936618 0.3502133927 0.1)
(0.6349973562 0.4255937166 0.1)
(0.5985381792 0.4204002218 0.1)
(0.6121850376 0.44760684 0.1)
(0.3882515465 0.8798066213 0.1)
(0.3727946108 0.8951971847 0.1)
(0.3729347189 0.8640329584 0.1)
(0.7679146095 0.3976976322 0.1)
(0.7623838093 0.4480716259 0.1)
(0.1903612927 0.546001007 0.1)
(0.1738416014 0.5729892515 0.1)
(0.1579727475 0.5411814259 0.1)
(0.1443665741 0.5751854246 0.1)
(0.2058754432 0.5252175919 0.1)
(0.2250811226 0.554150323 0.1)
(0.4046092792 0.8668698105 0.1)
(0.4032419784 0.8997493971 0.1)
(0.4165596871 0.2876591622 0.1)
(0.4130554221 0.3183867359 0.1)
(0.3819155456 0.2911954885 0.1)
(0.6249335373 0.5236997685 0.1)
(0.6621989457 0.521202105 0.1)
(0.6427579089 0.5458927389 0.1)
(0.6455463959 0.4975743162 0.1)
(0.08692799135 0.6716998141 0.1)
(0.646558681 0.5901218925 0.1)
(0.4650683168 0.3783462166 0.1)
(0.4706281593 0.4383193773 0.1)
(0.3977511106 0.8396440266 0.1)
(0.369263794 0.8371224673 0.1)
(0.3755762131 0.4544791492 0.1)
(0.351149281 0.4387888307 0.1)
(0.3814011981 0.4273545297 0.1)
(0.4045706489 0.3495396002 0.1)
(0.4388483607 0.3485185727 0.1)
(0.3943880676 0.3729451645 0.1)
(0.3661467663 0.3833577248 0.1)
(0.6938302204 0.4001165419 0.1)
(0.6793619723 0.3795947339 0.1)
(0.713447647 0.3723011994 0.1)
(0.6807740575 0.3541302165 0.1)
(0.6730430961 0.4251801535 0.1)
(0.7948627439 0.6222011646 0.1)
(0.7753317093 0.6487105276 0.1)
(0.6888887595 0.4481493875 0.1)
(0.6667856211 0.472646702 0.1)
(0.6276887895 0.4725966463 0.1)
(0.6507883502 0.4493825336 0.1)
(0.6566425156 0.4019403903 0.1)
(0.7038857447 0.7553901985 0.1)
(0.7169775851 0.5540134029 0.1)
(0.7011182028 0.5207953647 0.1)
(0.7392679783 0.5247639321 0.1)
(0.5174522864 0.741633516 0.1)
(0.5495653458 0.7174286129 0.1)
(0.135167575 0.6510014863 0.1)
(0.553695431 0.5942980384 0.1)
(0.5660601059 0.5575075315 0.1)
(0.5847576155 0.6137387423 0.1)
(0.5470786906 0.5300870945 0.1)
(0.5855947882 0.5262103783 0.1)
(0.1731681074 0.2432103772 0.1)
(0.5055149446 0.5329047151 0.1)
(0.5279819362 0.5015058487 0.1)
(0.4955628366 0.4967973342 0.1)
(0.5602465125 0.4135198609 0.1)
(0.5726723204 0.4419023288 0.1)
(0.5856155369 0.4715201189 0.1)
(0.5508697249 0.469948931 0.1)
(0.5658368371 0.4977936349 0.1)
(0.6840020179 0.4968409852 0.1)
(0.7601868792 0.4990169606 0.1)
(0.6916719571 0.7868338812 0.1)
(0.7560292025 0.5533979788 0.1)
(0.0428288507 0.3788024774 0.1)
(0.7832498076 0.4712998289 0.1)
(0.4085542542 0.6867277396 0.1)
(0.4334375573 0.668150077 0.1)
(0.4353713953 0.7015645465 0.1)
(0.4096443443 0.6565176528 0.1)
(0.4310183572 0.631403372 0.1)
(0.582941582 0.6499595241 0.1)
(0.5669588141 0.6820007659 0.1)
(0.5497774969 0.6543682851 0.1)
(0.1610031942 0.3687316832 0.1)
(0.1221278415 0.5548727666 0.1)
(0.1221022728 0.5243043511 0.1)
(0.1444751089 0.5081537342 0.1)
(0.8410597167 0.3368116838 0.1)
(0.1768369715 0.5092200813 0.1)
(0.8594852614 0.3625217203 0.1)
(0.5635035678 0.7903161588 0.1)
(0.5393697586 0.786895253 0.1)
(0.4501851053 0.7528832593 0.1)
(0.4467730274 0.7834869274 0.1)
(0.4210773132 0.7667975109 0.1)
(0.4175009205 0.7943431564 0.1)
(0.4623569283 0.7204215511 0.1)
(0.4820707369 0.7507279682 0.1)
(0.3237348108 0.4271383212 0.1)
(0.3055305578 0.4057862082 0.1)
(0.3260431231 0.4020639323 0.1)
(0.2860556604 0.4212104008 0.1)
(0.3542618041 0.4092554042 0.1)
(0.6714715965 0.2806824264 0.1)
(0.6783090051 0.3178859103 0.1)
(0.646276096 0.3000702551 0.1)
(0.5864222569 0.7072040544 0.1)
(0.6441733187 0.2660415397 0.1)
(0.5528386059 0.7596740368 0.1)
(0.5384709315 0.3526524428 0.1)
(0.5464369759 0.3841075004 0.1)
(0.5638214132 0.3386924118 0.1)
(0.468399153 0.5437855269 0.1)
(0.4957433314 0.572261188 0.1)
(0.532031424 0.5634097653 0.1)
(0.4969809412 0.2804257617 0.1)
(0.5128605881 0.3010034136 0.1)
(0.7859387752 0.2636394462 0.1)
(0.4739164081 0.2424486991 0.1)
(0.4973565085 0.2509157368 0.1)
(0.5245970118 0.2287328547 0.1)
(0.5253655035 0.2705741444 0.1)
(0.1296391823 0.3774718769 0.1)
(0.5532902003 0.2508895596 0.1)
(0.4259903359 0.5723905345 0.1)
(0.4084220237 0.6017324714 0.1)
(0.777844493 0.3659492915 0.1)
(0.4380663934 0.5991158919 0.1)
(0.2807252914 0.7679444816 0.1)
(0.3015542732 0.7370406939 0.1)
(0.3147561001 0.7682314063 0.1)
(0.4605944632 0.5788902631 0.1)
(0.5419273974 0.3178831237 0.1)
(0.5065702882 0.334048429 0.1)
(0.5224287719 0.04731885138 0.1)
(0.4848959889 0.467907125 0.1)
(0.5166482967 0.469188146 0.1)
(0.5286306767 0.6233464507 0.1)
(0.6583534752 0.1123320338 0.1)
(0.457651412 0.4601914767 0.1)
(0.4320644854 0.4673482351 0.1)
(0.5087416688 0.7782965591 0.1)
(0.6052117954 0.4968493671 0.1)
(0.4727248364 0.3441259313 0.1)
(0.4249426388 0.3821934759 0.1)
(0.5589166804 0.286993659 0.1)
(0.5607614761 0.6261552247 0.1)
(0.4018849455 0.4747679839 0.1)
(0.3725701372 0.4859021234 0.1)
(0.4260170573 0.5018135361 0.1)
(0.6985241765 0.288078124 0.1)
(0.2492086854 0.3111700976 0.1)
(0.3752031465 0.1561509786 0.1)
(0.07225489145 0.5185240917 0.1)
(0.8181632146 0.579052758 0.1)
(0.8170863922 0.6041201476 0.1)
(0.7952404915 0.5916592554 0.1)
(0.8426743108 0.5986995101 0.1)
(0.3655309555 0.2605945072 0.1)
(0.3401700905 0.2601490337 0.1)
(0.7136773649 0.7295547064 0.1)
(0.6828181571 0.7263381745 0.1)
(0.7007299207 0.7011599829 0.1)
(0.3015239178 0.1234677983 0.1)
(0.6345768304 0.2050995854 0.1)
(0.9104084615 0.427977247 0.1)
(0.4587140291 0.8642871357 0.1)
(0.4330273717 0.8786471359 0.1)
(0.4811708238 0.8808974665 0.1)
(0.4280910402 0.9105500272 0.1)
(0.5546173973 0.8921063986 0.1)
(0.7574216618 0.7023921236 0.1)
(0.7261331984 0.7027361286 0.1)
(0.7351104276 0.6761116096 0.1)
(0.7576702379 0.6693137082 0.1)
(0.8934477373 0.5730624256 0.1)
(0.8663986005 0.5874574537 0.1)
(0.8970450584 0.5450832637 0.1)
(0.3354688865 0.7430954404 0.1)
(0.4162846172 0.8181546097 0.1)
(0.4926860376 0.03692955385 0.1)
(0.9158807983 0.5599627049 0.1)
(0.4321960583 0.8435840315 0.1)
(0.1054058895 0.8245060928 0.1)
(0.5927808287 0.6802415737 0.1)
(0.2228237279 0.670364263 0.1)
(0.2862605502 0.3916920811 0.1)
(0.07062701544 0.448429185 0.1)
(0.6452864457 0.3263107884 0.1)
(0.7422356593 0.6410556726 0.1)
(0.7684181744 0.6242272462 0.1)
(0.7539482606 0.6074790499 0.1)
(0.7122536362 0.6823142694 0.1)
(0.3448950308 0.7649296762 0.1)
(0.4772133676 0.5178013645 0.1)
(0.2774572846 0.7423138856 0.1)
(0.6220408221 0.2891049792 0.1)
(0.8289605864 0.420538104 0.1)
(0.1956000903 0.6007481694 0.1)
(0.2254320316 0.5890273445 0.1)
(0.2025598701 0.5732473683 0.1)
(0.8275895915 0.6256560203 0.1)
(0.09480445132 0.4328375833 0.1)
(0.1139155616 0.413689057 0.1)
(0.1227382069 0.4488937818 0.1)
(0.2658930953 0.3775141462 0.1)
(0.2617153229 0.3547155685 0.1)
(0.7782476055 0.6042127631 0.1)
(0.4665015123 0.05069751319 0.1)
(0.9229720354 0.5358937495 0.1)
(0.8410960917 0.6498452823 0.1)
(0.6427055927 0.1392308009 0.1)
(0.6159865534 0.1579793142 0.1)
(0.6099740213 0.85887844 0.1)
(0.6607631949 0.2345355197 0.1)
(0.2207708901 0.4063749273 0.1)
(0.623660926 0.1816927913 0.1)
(0.6009278024 0.1923842446 0.1)
(0.3952402429 0.2608152788 0.1)
(0.7473978151 0.3773585032 0.1)
(0.7714268988 0.5807346604 0.1)
(0.7390398759 0.5820597449 0.1)
(0.505974145 0.3722377406 0.1)
(0.5805657963 0.2667494451 0.1)
(0.09413143728 0.466561216 0.1)
(0.4978248247 0.6067164921 0.1)
(0.4466730869 0.8098414701 0.1)
(0.831354452 0.6745369707 0.1)
(0.308842829 0.6854786987 0.1)
(0.6683013726 0.259389589 0.1)
(0.5934081651 0.1398776634 0.1)
(0.6780652483 0.6934753548 0.1)
(0.2099837092 0.6477357547 0.1)
(0.3382918996 0.4996445881 0.1)
(0.3639860135 0.5245018668 0.1)
(0.3393471816 0.4625107813 0.1)
(0.4641695504 0.6179578698 0.1)
(0.7243213494 0.6125842123 0.1)
(0.6795249884 0.7571888198 0.1)
(0.2757467331 0.6405158885 0.1)
(0.6832695371 0.2254956948 0.1)
(0.9274825729 0.5128295212 0.1)
(0.4611224856 0.4914768056 0.1)
(0.3997991509 0.7490497982 0.1)
(0.4237818476 0.7435029713 0.1)
(0.4101782444 0.7211306728 0.1)
(0.2997663792 0.7100248553 0.1)
(0.1386907736 0.5939173563 0.1)
(0.3103518616 0.4812697679 0.1)
(0.7110409098 0.5863328717 0.1)
(0.4723378073 0.7842185039 0.1)
(0.1525246195 0.4749381843 0.1)
(0.7931716245 0.07250158311 0.1)
(0.8804290875 0.5304129847 0.1)
(0.8763846538 0.5081994875 0.1)
(0.9027319714 0.5148628139 0.1)
(0.2438217428 0.3663410119 0.1)
(0.4639423345 0.1823628479 0.1)
(0.5064731193 0.1542806925 0.1)
(0.3915901624 0.6316597329 0.1)
(0.3690642411 0.5989951405 0.1)
(0.2278700037 0.6913552109 0.1)
(0.791546659 0.3872323938 0.1)
(0.3757705849 0.667066071 0.1)
(0.3817272028 0.7045948263 0.1)
(0.6563291135 0.3438851381 0.1)
(0.525421272 0.593780377 0.1)
(0.4903950052 0.213602454 0.1)
(0.182348167 0.4738033198 0.1)
(0.2089207294 0.4973555342 0.1)
(0.3596405598 0.6336418103 0.1)
(0.4464774309 0.1935063383 0.1)
(0.4545835815 0.2173974696 0.1)
(0.4807188365 0.5913335823 0.1)
(0.7998646161 0.5037295496 0.1)
(0.3037560679 0.4503526888 0.1)
(0.2436090814 0.3912134863 0.1)
(0.3933326989 0.4037934843 0.1)
(0.4525923825 0.5177945031 0.1)
(0.3829906253 0.7322619941 0.1)
(0.5293126944 0.7657050595 0.1)
(0.3545659196 0.3080738898 0.1)
(0.8653044638 0.4825433067 0.1)
(0.2605447492 0.5774062364 0.1)
(0.332451476 0.5343210681 0.1)
(0.4441031752 0.1508512324 0.1)
(0.4355525327 0.5383369167 0.1)
(0.4375946353 0.7276499126 0.1)
(0.533556594 0.2950580255 0.1)
(0.263822788 0.4048547056 0.1)
(0.3726804618 0.1824916164 0.1)
(0.4508847823 0.5568319733 0.1)
(0.8933425396 0.4881241501 0.1)
(0.3428393245 0.6131929768 0.1)
(0.6596459311 0.6147091166 0.1)
(0.3411422782 0.591676628 0.1)
)


// ************************************************************************* //
