/*--------------------------------*- C++ -*----------------------------------*\
| =========                 |                                                 |
| \\      /  F ield         | OpenFOAM: The Open Source CFD Toolbox           |
|  \\    /   O peration     | Version:  v2012                                 |
|   \\  /    A nd           | Website:  www.openfoam.com                      |
|    \\/     M anipulation  |                                                 |
\*---------------------------------------------------------------------------*/
FoamFile
{
    version     2.0;
    format      ascii;
    class       labelList;
    note        "nPoints:2788  nCells:2658  nFaces:9367  nInternalFaces:3923";
    location    "constant/polyMesh";
    object      neighbour;
}
// * * * * * * * * * * * * * * * * * * * * * * * * * * * * * * * * * * * * * //


3923
(
1
376
647
35
1840
67
543
653
68
544
654
69
545
655
70
546
656
10
40
228
11
41
229
12
42
230
13
43
231
553
1505
554
1506
555
1507
556
1508
26
753
1181
51
623
1590
52
624
1592
53
625
1591
54
626
1593
248
759
1098
249
760
1099
250
761
1100
251
762
1101
187
189
876
188
219
888
44
218
376
1749
1978
254
271
1207
255
272
1209
256
273
1211
257
274
1213
145
305
2063
146
306
2064
147
307
2065
148
308
2066
473
1914
318
397
530
319
398
531
320
399
532
321
400
533
433
1877
434
1878
436
1879
438
1880
370
1529
46
1840
2225
1324
2105
124
1226
1236
125
1227
1235
126
1228
1238
127
1229
1237
74
1242
77
1244
71
1243
73
1245
440
449
519
442
451
514
441
450
520
443
452
516
453
517
1362
454
518
1363
455
513
1366
456
515
1368
263
333
336
264
334
337
265
331
338
266
332
339
151
1303
152
1304
149
1305
150
1306
72
410
285
1452
75
413
76
411
287
1456
286
1455
78
415
288
1458
551
708
929
84
318
685
85
319
687
86
320
689
87
321
691
1431
1980
1433
1982
1435
1985
1437
1986
190
301
2045
191
302
2047
192
303
2077
193
304
2079
93
1173
1826
1108
1710
95
1174
1827
1109
1711
97
1175
1828
1110
1712
99
1176
1829
1111
1713
101
960
2395
375
2299
120
976
1355
232
1169
1783
234
1170
1785
233
1171
1782
235
1172
1784
228
1132
1690
229
1133
1691
230
1134
1694
231
1135
1695
186
284
1254
113
221
1917
568
830
115
223
1916
569
828
118
224
1918
119
226
1494
570
834
571
832
1510
1915
140
647
2271
246
291
2296
247
292
2297
869
1202
868
1203
871
1204
870
1205
155
280
956
156
281
958
157
282
957
158
283
959
159
792
981
160
794
982
161
796
983
162
798
984
323
681
1314
325
679
1316
324
682
1315
326
680
1317
164
2630
155
1046
2362
156
1047
2363
157
1048
2364
158
1049
2365
461
768
462
770
463
772
464
774
174
1232
175
1231
176
1234
177
1233
154
345
2626
994
1409
212
213
210
211
1974
2307
1975
2309
1976
2311
1977
2313
165
1107
2225
493
1738
1325
1536
167
557
2221
168
529
169
1403
1410
2359
171
558
2222
352
2366
173
961
2395
1411
2361
1222
1383
1223
1384
1224
1381
1225
1382
180
1068
1753
181
1070
1755
592
2008
593
2009
184
1067
1752
185
1069
1754
588
2010
590
2011
1045
1106
970
1429
971
1005
194
1256
659
1467
660
1468
661
1469
662
1470
1140
1239
219
1141
1240
335
353
1106
348
489
1668
349
490
1669
350
491
1670
351
492
1671
314
561
1896
315
562
1897
316
560
1898
317
559
1899
252
313
898
295
445
606
296
446
607
297
447
608
298
448
609
242
694
241
695
244
696
243
697
263
1065
2254
264
1066
2255
265
1063
2258
266
1064
2260
1510
1914
1325
221
481
1802
1952
223
482
1803
1757
225
1954
483
1804
227
1859
484
1805
981
982
983
984
1872
2180
1873
2179
1874
2182
1875
2181
275
290
2505
276
295
465
277
296
467
278
297
469
279
298
471
1446
2275
1445
2274
1444
2273
1443
2272
322
658
1402
1033
1887
1034
1888
1120
1376
1121
1377
1122
1378
1123
1379
1857
2174
444
1044
1155
1028
1668
1029
1669
1030
1670
1031
1671
430
889
1555
267
1666
1872
268
1667
1874
269
1664
1873
270
1665
1875
1868
1867
1870
1869
1704
2089
1705
2090
1702
2087
1703
2088
853
962
854
963
855
964
856
965
2105
2520
704
1098
705
1099
706
1100
707
1101
696
1102
697
1103
694
1104
695
1105
1614
1743
328
1760
327
1761
330
1762
329
1763
353
800
1045
1472
2630
540
1044
542
1045
299
922
2575
300
923
2577
2192
2193
2194
2195
880
2633
882
2634
717
2610
718
2612
719
2613
720
2616
564
2412
565
2414
566
2417
567
2419
485
1156
486
1157
487
1158
488
1159
572
776
747
748
745
746
1386
1387
1388
1389
1334
2299
1078
2559
1081
2560
1080
2561
1083
2562
477
901
478
900
479
903
480
902
1569
2177
1571
2178
1565
2175
1566
2176
1150
2253
601
1198
602
1199
603
1200
604
1201
393
453
1226
394
454
1227
395
455
1228
396
456
1229
936
1112
1590
1113
1591
937
1114
1592
928
1115
1593
1040
1084
1041
1085
1042
1086
1043
1087
353
2211
505
1492
506
1493
507
1491
508
1490
440
1946
2124
441
1947
2125
442
1948
2126
443
1949
2127
409
573
839
412
574
840
414
575
841
416
576
842
426
495
599
425
496
600
428
497
597
427
498
598
1380
2162
461
945
1981
462
946
1983
463
947
1984
464
948
1987
1402
1684
2096
382
713
2051
384
714
2052
381
715
2053
383
716
2054
1426
2318
1424
2316
1427
2319
1425
2317
386
853
1128
733
1420
388
854
1129
734
1421
390
855
1130
735
1422
392
856
1131
736
1423
1487
2213
1486
2214
1489
2215
1488
2216
431
1545
432
1547
435
1550
437
1551
417
667
2246
418
668
2245
419
669
2248
420
670
2247
421
671
2249
422
672
2250
423
673
2251
424
674
2252
410
900
1183
412
1185
901
414
1187
902
416
1189
903
1580
1579
1578
1577
1447
1448
1449
1450
579
755
578
756
581
757
580
758
474
618
2649
1527
2142
433
582
434
583
1546
1548
436
584
1549
438
585
1552
658
942
2624
1020
1021
1024
1026
949
1283
653
704
654
705
655
706
656
707
1561
1650
1563
1651
1562
1644
1564
1645
1648
1649
1646
1647
710
1320
2286
709
1321
2285
711
1322
2287
712
1323
2288
809
810
811
812
466
729
1072
2192
468
730
1073
2193
470
731
1074
2194
472
732
1075
2195
1728
2225
698
2629
476
504
2187
577
1882
785
2059
781
2056
787
2062
783
2060
1416
2400
1417
2402
1418
2404
1419
2406
777
2128
778
2129
779
2130
780
2131
1370
2506
1371
2507
1372
2508
1373
2509
494
1019
1297
2631
713
1567
714
1568
715
1570
716
1572
535
597
1558
536
598
1559
537
599
1556
538
600
1557
563
699
1748
929
1779
1111
1463
1110
1464
1109
1465
1108
1466
648
873
1931
649
875
1935
650
872
1934
651
874
1937
2385
2383
2386
2384
2381
2382
2379
2380
763
1050
1342
764
1052
1343
765
1051
1344
766
1053
1345
530
1261
2256
531
1262
2257
532
1263
2259
533
1264
2261
921
1296
1136
1137
1138
1139
683
1150
2266
758
757
756
755
540
1283
1750
2650
542
859
1254
2651
670
1190
669
1191
668
1192
667
1193
672
869
1195
671
868
1194
674
871
1197
673
870
1196
2447
2653
858
999
2629
601
1146
602
1147
603
1148
604
1149
799
1374
800
1375
588
1573
590
1574
593
1576
592
1575
1088
2095
792
2320
794
2322
796
2325
798
2327
1883
2400
1884
2402
1885
2404
1886
2406
1997
2012
1182
1883
1184
1884
1186
1885
1188
1886
605
1750
1259
1567
1260
1568
1257
1570
1258
1572
601
1136
602
1137
603
1138
604
1139
587
2067
2302
1560
2148
589
1142
1537
591
1143
1538
594
595
1144
1539
1145
1540
605
1528
1779
1602
1603
1604
1605
1035
2388
2555
2390
2556
2392
2557
2394
2558
881
990
1938
884
991
1941
885
992
1940
887
993
1944
659
1336
2574
660
1337
2576
661
1338
2571
662
1339
2572
2449
2656
843
1394
1818
844
1395
1819
845
1396
1820
846
1397
1821
881
1453
885
1457
884
1451
887
1454
629
1849
2038
633
1850
2035
1067
1478
631
1851
2040
1069
1480
634
1852
2036
1068
1479
1070
1481
636
749
908
924
1162
639
751
912
640
750
910
925
1165
926
1166
642
752
914
927
1168
685
938
2241
687
939
2242
689
940
2243
691
941
2244
1472
1657
1939
1658
1942
1659
1943
1660
1945
890
1230
2235
2387
2389
2391
2393
708
889
931
1889
2492
2494
2496
2498
847
1215
1357
848
1217
1358
849
1219
1359
850
1221
1360
1231
1232
1233
1234
1235
1236
1237
1238
809
1310
2578
810
1311
2580
811
1312
2582
812
1313
2584
1394
1582
1396
1584
1395
1583
1397
1585
2080
2295
685
1120
1386
687
1121
1387
689
1122
1388
691
1123
1389
693
1071
1341
985
1652
995
996
997
998
928
951
1801
2530
895
1586
2354
896
1587
2356
878
897
1588
879
898
1589
1000
1001
1002
1003
2240
1911
1956
1910
1955
1912
1957
1913
1958
1267
1268
1269
1270
1439
1474
1440
1475
1441
1476
1442
1477
801
977
1595
802
978
1597
803
979
1594
804
980
1596
835
1502
1912
836
1504
1913
837
1501
1910
838
1503
1911
759
916
760
917
761
918
762
919
749
1720
750
1721
751
1722
752
1723
738
1207
2041
1822
1966
740
1209
2042
1823
1967
742
1211
2043
1824
1968
744
1213
2044
1825
1969
988
1143
989
1142
986
1145
987
1144
952
953
954
955
754
859
906
1979
938
939
940
941
1162
2375
1165
2376
1166
2377
1168
2378
768
791
1546
1432
770
793
1548
1434
772
795
1549
1436
774
797
1552
1438
878
1349
2569
879
1350
1177
2432
1178
2431
1179
2434
1180
2433
782
1161
1716
2375
784
1163
1718
2376
786
1164
1717
2377
788
1167
1719
2378
817
1347
2221
818
1348
2222
792
1877
794
1878
796
1879
798
1880
921
1033
1034
1271
2132
1273
2133
1274
2134
1277
2135
972
1124
1988
973
1125
1990
974
1126
1890
975
1127
1992
2063
2064
2065
2066
916
1640
2083
917
1641
2084
918
1642
2085
919
1643
2086
2354
2590
2356
2592
823
1327
2069
824
1326
2068
825
1329
2071
826
1328
2070
2273
2421
2272
2420
2275
2423
2274
2422
828
1528
2236
1184
830
1530
2237
1182
832
1737
2238
1188
834
1531
2239
1186
1704
2017
1705
2019
1702
2013
1703
2015
1058
1246
1059
1247
1060
1248
1061
1249
1946
2213
1948
2214
1947
2215
1949
2216
1370
2525
1371
2526
1372
2518
1373
2528
970
1004
1530
971
1006
1531
1357
1358
1359
1360
920
943
1581
2606
2656
2628
861
1653
2353
2120
2342
863
1654
2355
2121
2343
865
878
1655
2122
2344
867
879
1656
2123
2345
1443
1444
1445
1446
932
1733
933
1735
934
1734
935
1736
1404
2148
899
976
1684
881
1590
885
1592
884
950
1591
887
951
1593
1927
2657
890
2240
1068
1292
2051
1070
1293
2052
1067
1294
2053
1069
1295
2054
1802
2590
1803
2592
1804
2595
1805
2140
2454
2055
2057
2058
2061
1035
1112
2236
1004
1113
2237
1114
2238
1006
1115
2239
909
1420
1161
2056
911
1421
1164
2059
913
1422
1163
2060
915
1423
1167
2062
2289
2290
2291
2292
985
1256
1241
2046
2622
2048
2623
1342
2206
1343
2208
1344
2207
1345
2209
2570
1959
944
1758
2299
1928
2440
1849
2005
1850
2002
1851
2007
1852
2003
2627
2633
2628
2634
2289
2290
2291
2292
1560
1662
1239
1403
2223
2395
966
2578
967
2580
968
2582
969
2584
1881
2050
2626
2641
2642
1054
2106
1056
2107
1055
2108
1057
2109
1094
1676
1095
1677
1096
1678
1097
1679
1356
2454
1356
1536
1720
2041
1721
2042
1722
2043
1723
2044
1640
2202
1641
2203
1642
2204
1643
2205
1140
1141
1739
2120
1740
2121
1741
2122
1742
2123
1965
1520
2559
1522
2560
1524
2561
1526
2562
1877
1878
1879
1880
2147
2113
2112
2111
2110
1657
2575
1659
2567
1658
2577
1660
2568
1662
2624
1196
1828
1197
1829
1194
1826
1195
1827
2477
2482
1190
1841
1191
1842
1192
1843
1193
1844
1409
1006
1062
1008
1347
1374
1279
1390
1010
1348
1375
1280
1391
1012
1758
1996
1281
1392
1014
1335
1997
1282
1393
1222
1561
2533
1223
1563
2534
1224
1562
2531
1225
1564
2532
2632
2652
1022
1900
1023
1901
1361
1902
1365
1903
1025
1904
1364
1906
1027
1905
1367
1907
1040
2029
1041
2030
1042
2031
1043
2032
1093
1800
1857
1998
1999
1751
1291
1323
1463
1290
1322
1464
1289
1321
1465
1288
1320
1466
2083
2084
2085
2086
1241
1744
2521
1746
2522
1745
2523
1747
2524
2333
2484
2336
2486
2337
2488
2339
2490
1676
2206
1678
2208
1677
2207
1679
2209
1214
2196
1216
2197
1218
2198
1220
2199
2477
2570
2410
2411
2408
2409
1581
2115
2029
2083
2030
2084
2031
2085
2032
2086
1078
1303
2387
1081
1304
2389
1520
1080
1305
2391
1524
1522
1083
1306
2393
1526
1640
2579
1641
2581
1642
2583
1643
2585
2605
2652
1173
1194
1447
1174
1195
1448
1175
1196
1449
1176
1197
1450
2012
2116
2206
2443
2207
2445
2208
2444
2209
2446
1841
1842
1843
1844
1151
1826
1153
1827
1152
1828
1154
1829
2266
1728
2358
1320
1321
1322
1323
1242
1243
1244
1245
1190
1398
1577
1191
1399
1578
1192
1400
1579
1193
1401
1580
2396
2397
2398
2399
1810
2342
1811
2343
1812
2344
1813
2345
1215
2436
1217
2437
1219
2438
1221
2439
1482
2307
1483
2309
1484
2311
1485
2313
1198
1199
1200
1201
1318
1319
1405
1406
1407
1408
1267
1505
1268
1506
1269
1507
1270
1508
1929
1299
1710
1298
1712
1301
1711
1300
1713
1160
1509
1637
2367
1636
2369
1639
2371
1638
2373
1309
2114
1162
1165
1166
1168
1479
2348
1481
2350
1478
2347
1480
2349
1490
1491
1493
1492
1261
1806
1262
1807
1263
1808
1264
1809
1254
1743
1183
1497
1185
1496
1187
1499
1189
1498
2254
2255
2258
2260
1533
2421
1532
2420
1535
2423
1534
2422
1207
1351
2029
1209
1352
2030
1211
1353
2031
1213
1354
2032
1215
2516
1217
2517
1219
2527
1221
2519
2155
2156
2149
2150
2153
2154
2151
2152
2050
2142
1774
1773
1772
1771
1777
1775
1778
1776
1838
1536
1839
2114
1496
1497
1498
1499
2267
2436
2268
2437
2269
2438
2270
2439
1408
1504
1724
1407
1502
1725
1406
1503
1726
1405
1501
1727
1309
1341
1428
1385
2177
2178
2175
2176
1284
1285
1286
1287
1266
1527
2426
1554
2161
1565
1566
1569
1571
1272
1966
1330
2521
1276
1967
1275
1968
1331
2522
1332
2523
1278
1969
1333
2524
1474
1698
1475
1699
1476
1700
1477
1701
1882
1386
1767
1387
1768
1388
1769
1389
1770
1708
1955
1709
1956
1706
1957
1707
1958
2033
2316
2034
2317
2037
2318
2039
2319
1891
2114
1430
2095
2157
2445
2158
2443
2159
2446
2160
2444
1355
1871
2147
1381
1382
1383
1384
1308
1613
2295
2230
2448
2115
2455
2586
2456
2587
2457
2588
2458
2589
1381
2531
1382
2532
1383
2533
1384
2534
1917
2200
1918
2201
1325
1927
1330
1595
1331
1594
1332
1597
1333
1596
2362
2363
2364
2365
1700
1758
1495
1764
1657
1931
1658
1935
1659
1934
1660
1937
1341
1608
1759
1459
1460
1461
1462
1369
1756
2224
1994
1995
1972
1996
1973
1997
1674
1822
1675
1823
1672
1824
1673
1825
1473
2358
1668
1669
1670
1671
1362
1946
2213
1364
2214
1948
1366
1947
2215
1368
1949
2216
1959
2653
2563
2564
2565
2566
1998
1999
1790
2468
1791
2469
1792
2470
1793
2471
1471
2276
1404
2210
1439
1970
1440
1971
1441
1972
1442
1973
1861
1860
1863
1862
1830
2188
1831
2189
1832
2190
1833
2191
1627
2293
2067
2014
2016
2018
2020
1429
1838
1951
1839
1953
1631
1744
1834
1633
1745
1835
1632
1746
1836
1634
1747
1837
1586
1739
1587
1740
1588
1741
1589
1742
2183
2184
2185
2186
1505
1690
1506
1691
1507
1694
1508
1695
1509
2346
1661
1615
2212
1432
1545
1981
1434
1547
1983
1436
1550
1984
1438
1551
1987
2097
2098
2099
2100
2420
2421
2422
2423
1789
1788
1787
1786
1452
1941
1963
1455
1938
1456
1944
1961
1964
1458
1940
1962
2443
2460
2444
2461
2445
2462
2446
2463
1919
2308
1920
2310
1921
2312
1922
2314
2426
2479
1840
1553
1965
1923
1924
1925
1926
1752
1753
1754
1755
1619
2493
1621
2495
1623
2497
1625
2499
1532
1819
1533
1818
1534
1821
1535
1820
1789
1788
1786
1787
1737
1781
1635
2012
2236
2237
2238
2239
1529
1608
2276
1892
1894
1893
1895
2049
2300
1771
2149
1772
2150
1773
2155
1774
2156
1775
2153
1776
2151
1777
2154
1778
2152
1520
2328
2388
1522
2329
2390
1524
2330
2392
1526
2331
2394
2637
1916
2300
1917
1918
2068
2069
2070
2071
1796
2014
1797
2016
1798
2018
1799
2020
1653
1970
2101
1654
1971
2102
1655
1972
2103
1656
1973
2104
1546
1548
1550
1552
2067
2210
1555
2080
1928
1575
1897
1576
1896
1573
1899
1574
1898
1627
2124
2126
2125
2127
1567
1568
1570
1572
1686
1687
1688
1689
1853
1854
1855
1856
2293
1680
1818
1681
1819
1682
1820
1683
1821
2120
2121
2122
2123
2536
2535
2538
2537
1611
1831
2144
1612
1830
2143
1609
1833
2146
1610
1832
2145
1686
2093
1687
2094
1688
2091
1689
2092
1759
2118
2276
1738
2082
2315
1652
2429
2430
2427
2428
1614
2266
2483
2504
2608
1628
2401
2516
1629
2403
2517
1630
2407
2519
1620
2000
1692
2033
1622
2001
1693
2034
1624
2004
1696
2037
1626
2006
1697
2039
1685
1739
1988
1740
1990
1742
1992
1966
2521
1968
2522
1967
2523
1969
2524
1663
2117
2427
2428
2429
2430
2149
2150
2151
2152
2153
2154
2155
2156
1871
2303
2304
2305
2306
1662
2148
1950
2510
2013
2347
2015
2349
2017
2348
2019
2350
2194
2557
2195
2558
2192
2555
2193
2556
1744
1745
1746
1747
2069
2536
2068
2535
2071
2538
2070
2537
1685
2302
2010
2011
2008
2009
1692
1693
2316
2317
1696
1697
2318
2319
1887
1998
1888
1999
1889
1764
2459
2598
2602
2599
2603
2644
2643
2646
2645
2286
2285
2287
2288
1715
1741
1890
2405
2527
1760
2136
1761
2137
1762
2138
1763
2139
2106
2107
2108
2109
2113
2621
2112
2620
2111
2619
2110
2618
2141
2063
2262
2303
2064
2263
2304
2065
2264
2305
2066
2265
2306
1814
2226
1816
2228
1815
2227
1817
2229
1979
2632
1765
1749
1766
2529
1751
2627
1796
1798
1797
1799
1757
2172
1960
2346
2074
2072
2075
2073
1950
1766
2483
2605
1806
2396
1807
2397
1808
2398
1809
2399
2247
2248
2245
2246
2250
2252
2249
2251
1780
1916
1960
2119
2442
1814
1849
1815
1850
1816
1851
1817
1852
1845
2231
1846
2232
1847
2233
1848
2234
1795
1801
2441
1857
1858
2347
2349
2348
2350
1801
2294
2171
2172
2173
2174
2367
2369
2371
2373
2500
2586
2501
2587
2502
2588
2503
2589
2473
2472
2475
2474
2132
2133
2134
2135
1853
1854
1855
1856
2041
2106
2042
2107
2043
2108
2044
2109
2200
2201
1845
1846
1847
1848
2188
2189
2190
2191
1859
2174
2442
2126
2531
2124
2533
2127
2532
2125
2534
1887
1923
2622
1888
1924
2623
1889
1925
2298
2176
2175
2178
2177
2300
2465
2464
2467
2466
1890
2518
2565
1882
2235
2196
2197
2198
2199
2115
2293
1955
2618
1956
2619
1957
2620
1958
2621
2379
2553
2380
2554
2381
2546
2385
2539
2383
2540
2384
2541
2382
2549
2386
2542
1909
2351
2520
2482
2511
2022
2024
2026
2028
1915
2140
1974
2610
1975
2612
1976
2613
1977
2616
2046
2048
2076
2078
2449
2481
1929
2617
1931
2000
2493
1935
2001
2495
1934
2004
2497
1937
2006
2499
1939
2227
1942
1943
2229
2226
1945
2228
2636
1952
2171
2200
1954
2173
2201
1960
2072
2227
2073
2229
2074
2226
2075
2228
2302
1994
1995
2320
2322
2325
2327
1979
2119
1981
2241
1983
2242
1985
2243
1987
2244
1989
2525
2563
1991
2526
2564
1993
2528
2566
2353
2355
2476
2002
2003
2035
2036
2005
2038
2007
2040
2091
2092
2093
2094
2014
2016
2018
2020
2022
2485
2512
2598
2024
2489
2513
2602
2026
2487
2514
2599
2028
2491
2515
2603
2035
2036
2038
2040
2046
2574
2048
2576
2050
2081
2091
2092
2093
2094
2056
2267
2059
2268
2060
2269
2062
2270
2472
2474
2473
2475
2077
2648
2571
2079
2649
2572
2647
2142
2604
2230
2435
2333
2596
2337
2601
2336
2597
2339
2600
2294
2162
2271
2101
2609
2102
2611
2103
2614
2104
2615
2413
2415
2416
2418
2478
2220
2219
2218
2217
2117
2212
2608
2426
2637
2529
2408
2409
2410
2411
2328
2329
2330
2331
2179
2464
2180
2465
2181
2466
2182
2467
2141
2607
2231
2450
2232
2451
2233
2452
2234
2453
2210
2462
2514
2460
2512
2463
2515
2461
2513
2479
2480
2424
2166
2547
2165
2550
2552
2551
2168
2545
2548
2170
2543
2544
2591
2593
2594
2473
2472
2475
2474
2267
2436
2268
2437
2269
2438
2270
2439
2235
2240
2231
2232
2233
2234
2401
2403
2405
2407
2241
2289
2242
2290
2243
2291
2244
2292
2253
2425
2294
2643
2644
2645
2646
2359
2360
2361
2476
2360
2366
2625
2617
2256
2257
2432
2431
2259
2434
2261
2433
2342
2586
2343
2587
2344
2588
2345
2589
2315
2362
2363
2364
2365
2385
2547
2381
2550
2383
2545
2386
2544
2384
2543
2382
2548
2379
2552
2380
2551
2513
2512
2514
2515
2635
2340
2622
2341
2623
2301
2624
2626
2648
2412
2414
2417
2419
2308
2492
2310
2494
2312
2496
2314
2498
2357
2321
2413
2609
2323
2415
2611
2325
2416
2614
2327
2418
2615
2555
2556
2557
2558
2333
2375
2464
2336
2377
2465
2337
2376
2466
2339
2378
2467
2633
2650
2634
2651
2604
2352
2505
2510
2608
2354
2356
2424
2639
2607
2591
2593
2594
2654
2368
2450
2468
2370
2451
2469
2372
2452
2470
2374
2453
2471
2388
2390
2392
2394
2468
2469
2470
2471
2401
2403
2405
2407
2432
2431
2434
2433
2413
2415
2417
2419
2479
2447
2654
2451
2450
2453
2452
2635
2639
2447
2617
2442
2530
2483
2573
2459
2607
2500
2506
2501
2507
2502
2508
2503
2509
2655
2485
2489
2487
2491
2569
2657
2481
2520
2639
2647
2640
2640
2485
2596
2487
2597
2489
2601
2491
2600
2493
2495
2497
2499
2563
2564
2565
2566
2505
2631
2579
2581
2583
2585
2511
2606
2525
2526
2527
2528
2530
2559
2561
2560
2562
2547
2554
2545
2549
2542
2543
2544
2550
2553
2549
2554
2553
2571
2641
2572
2642
2595
2629
2605
2638
2575
2577
2579
2581
2583
2585
2591
2593
2595
2598
2599
2603
2602
2637
2636
2610
2612
2614
2616
2646
2645
2644
2643
2632
2638
2650
2651
2631
2647
2655
2652
2657
2648
2649
2654
2656
)


// ************************************************************************* //
