/*--------------------------------*- C++ -*----------------------------------*\
| =========                 |                                                 |
| \\      /  F ield         | OpenFOAM: The Open Source CFD Toolbox           |
|  \\    /   O peration     | Version:  v2012                                 |
|   \\  /    A nd           | Website:  www.openfoam.com                      |
|    \\/     M anipulation  |                                                 |
\*---------------------------------------------------------------------------*/
FoamFile
{
    version     2.0;
    format      ascii;
    class       vectorField;
    location    "constant/polyMesh";
    object      points;
}
// * * * * * * * * * * * * * * * * * * * * * * * * * * * * * * * * * * * * * //


2788
(
(0 0 0)
(1 0 0)
(1 1 0)
(0 1 0)
(0 0 0.1)
(1 0 0.1)
(1 1 0.1)
(0 1 0.1)
(0.03125 0 0)
(0.0625 0 0)
(0.09375 0 0)
(0.125 0 0)
(0.15625 0 0)
(0.1875 0 0)
(0.21875 0 0)
(0.25 0 0)
(0.28125 0 0)
(0.3125 0 0)
(0.34375 0 0)
(0.375 0 0)
(0.40625 0 0)
(0.4375 0 0)
(0.46875 0 0)
(0.5 0 0)
(0.53125 0 0)
(0.5625 0 0)
(0.59375 0 0)
(0.625 0 0)
(0.65625 0 0)
(0.6875 0 0)
(0.71875 0 0)
(0.75 0 0)
(0.78125 0 0)
(0.8125 0 0)
(0.84375 0 0)
(0.875 0 0)
(0.90625 0 0)
(0.9375 0 0)
(0.96875 0 0)
(1 0.03125 0)
(1 0.0625 0)
(1 0.09375 0)
(1 0.125 0)
(1 0.15625 0)
(1 0.1875 0)
(1 0.21875 0)
(1 0.25 0)
(1 0.28125 0)
(1 0.3125 0)
(1 0.34375 0)
(1 0.375 0)
(1 0.40625 0)
(1 0.4375 0)
(1 0.46875 0)
(1 0.5 0)
(1 0.53125 0)
(1 0.5625 0)
(1 0.59375 0)
(1 0.625 0)
(1 0.65625 0)
(1 0.6875 0)
(1 0.71875 0)
(1 0.75 0)
(1 0.78125 0)
(1 0.8125 0)
(1 0.84375 0)
(1 0.875 0)
(1 0.90625 0)
(1 0.9375 0)
(1 0.96875 0)
(0.96875 1 0)
(0.9375 1 0)
(0.90625 1 0)
(0.875 1 0)
(0.84375 1 0)
(0.8125 1 0)
(0.78125 1 0)
(0.75 1 0)
(0.71875 1 0)
(0.6875 1 0)
(0.65625 1 0)
(0.625 1 0)
(0.59375 1 0)
(0.5625 1 0)
(0.53125 1 0)
(0.5 1 0)
(0.46875 1 0)
(0.4375 1 0)
(0.40625 1 0)
(0.375 1 0)
(0.34375 1 0)
(0.3125 1 0)
(0.28125 1 0)
(0.25 1 0)
(0.21875 1 0)
(0.1875 1 0)
(0.15625 1 0)
(0.125 1 0)
(0.09375 1 0)
(0.0625 1 0)
(0.03125 1 0)
(0 0.96875 0)
(0 0.9375 0)
(0 0.90625 0)
(0 0.875 0)
(0 0.84375 0)
(0 0.8125 0)
(0 0.78125 0)
(0 0.75 0)
(0 0.71875 0)
(0 0.6875 0)
(0 0.65625 0)
(0 0.625 0)
(0 0.59375 0)
(0 0.5625 0)
(0 0.53125 0)
(0 0.5 0)
(0 0.46875 0)
(0 0.4375 0)
(0 0.40625 0)
(0 0.375 0)
(0 0.34375 0)
(0 0.3125 0)
(0 0.28125 0)
(0 0.25 0)
(0 0.21875 0)
(0 0.1875 0)
(0 0.15625 0)
(0 0.125 0)
(0 0.09375 0)
(0 0.0625 0)
(0 0.03125 0)
(0.03125 0 0.1)
(0.0625 0 0.1)
(0.09375 0 0.1)
(0.125 0 0.1)
(0.15625 0 0.1)
(0.1875 0 0.1)
(0.21875 0 0.1)
(0.25 0 0.1)
(0.28125 0 0.1)
(0.3125 0 0.1)
(0.34375 0 0.1)
(0.375 0 0.1)
(0.40625 0 0.1)
(0.4375 0 0.1)
(0.46875 0 0.1)
(0.5 0 0.1)
(0.53125 0 0.1)
(0.5625 0 0.1)
(0.59375 0 0.1)
(0.625 0 0.1)
(0.65625 0 0.1)
(0.6875 0 0.1)
(0.71875 0 0.1)
(0.75 0 0.1)
(0.78125 0 0.1)
(0.8125 0 0.1)
(0.84375 0 0.1)
(0.875 0 0.1)
(0.90625 0 0.1)
(0.9375 0 0.1)
(0.96875 0 0.1)
(1 0.03125 0.1)
(1 0.0625 0.1)
(1 0.09375 0.1)
(1 0.125 0.1)
(1 0.15625 0.1)
(1 0.1875 0.1)
(1 0.21875 0.1)
(1 0.25 0.1)
(1 0.28125 0.1)
(1 0.3125 0.1)
(1 0.34375 0.1)
(1 0.375 0.1)
(1 0.40625 0.1)
(1 0.4375 0.1)
(1 0.46875 0.1)
(1 0.5 0.1)
(1 0.53125 0.1)
(1 0.5625 0.1)
(1 0.59375 0.1)
(1 0.625 0.1)
(1 0.65625 0.1)
(1 0.6875 0.1)
(1 0.71875 0.1)
(1 0.75 0.1)
(1 0.78125 0.1)
(1 0.8125 0.1)
(1 0.84375 0.1)
(1 0.875 0.1)
(1 0.90625 0.1)
(1 0.9375 0.1)
(1 0.96875 0.1)
(0.96875 1 0.1)
(0.9375 1 0.1)
(0.90625 1 0.1)
(0.875 1 0.1)
(0.84375 1 0.1)
(0.8125 1 0.1)
(0.78125 1 0.1)
(0.75 1 0.1)
(0.71875 1 0.1)
(0.6875 1 0.1)
(0.65625 1 0.1)
(0.625 1 0.1)
(0.59375 1 0.1)
(0.5625 1 0.1)
(0.53125 1 0.1)
(0.5 1 0.1)
(0.46875 1 0.1)
(0.4375 1 0.1)
(0.40625 1 0.1)
(0.375 1 0.1)
(0.34375 1 0.1)
(0.3125 1 0.1)
(0.28125 1 0.1)
(0.25 1 0.1)
(0.21875 1 0.1)
(0.1875 1 0.1)
(0.15625 1 0.1)
(0.125 1 0.1)
(0.09375 1 0.1)
(0.0625 1 0.1)
(0.03125 1 0.1)
(0 0.96875 0.1)
(0 0.9375 0.1)
(0 0.90625 0.1)
(0 0.875 0.1)
(0 0.84375 0.1)
(0 0.8125 0.1)
(0 0.78125 0.1)
(0 0.75 0.1)
(0 0.71875 0.1)
(0 0.6875 0.1)
(0 0.65625 0.1)
(0 0.625 0.1)
(0 0.59375 0.1)
(0 0.5625 0.1)
(0 0.53125 0.1)
(0 0.5 0.1)
(0 0.46875 0.1)
(0 0.4375 0.1)
(0 0.40625 0.1)
(0 0.375 0.1)
(0 0.34375 0.1)
(0 0.3125 0.1)
(0 0.28125 0.1)
(0 0.25 0.1)
(0 0.21875 0.1)
(0 0.1875 0.1)
(0 0.15625 0.1)
(0 0.125 0.1)
(0 0.09375 0.1)
(0 0.0625 0.1)
(0 0.03125 0.1)
(0.5 0.5 0)
(0.7120579655 0.7057877477 0)
(0.2942122523 0.7120579655 0)
(0.7056878763 0.2879375814 0)
(0.2879420345 0.2942122523 0)
(0.5044846831 0.7872747621 0)
(0.2127252379 0.5044846831 0)
(0.7872700288 0.4954865599 0)
(0.4954865599 0.2127299712 0)
(0.8277357784 0.8288138355 0)
(0.1711861645 0.8277357784 0)
(0.8288138355 0.1722642216 0)
(0.1722642216 0.1711861645 0)
(0.560689557 0.639167207 0)
(0.3598565331 0.56705762 0)
(0.6385145332 0.4323069426 0)
(0.4320139023 0.3589732129 0)
(0.6397397297 0.8461999438 0)
(0.1538000562 0.6397397297 0)
(0.8461999438 0.3602602703 0)
(0.3602602703 0.1538000562 0)
(0.8461999438 0.6397397297 0)
(0.3602602703 0.8461999438 0)
(0.6397397297 0.1538000562 0)
(0.1538000562 0.3602602703 0)
(0.4400308621 0.6634774507 0)
(0.3338676242 0.4414002815 0)
(0.6618932127 0.5618553314 0)
(0.5612328065 0.3339682864 0)
(0.5367669572 0.8881362475 0)
(0.1118637525 0.5367669572 0)
(0.8881362475 0.4632330428 0)
(0.4632330428 0.1118637525 0)
(0.6028263698 0.743373574 0)
(0.256626426 0.6028263698 0)
(0.7397137305 0.3994115299 0)
(0.3994115299 0.2602862695 0)
(0.7424493447 0.8929734387 0)
(0.1070265613 0.7424493447 0)
(0.8929734387 0.2575506553 0)
(0.2575506553 0.1070265613 0)
(0.8931651773 0.7437520161 0)
(0.7437520161 0.1068348227 0)
(0.2562479839 0.8931651773 0)
(0.1068348227 0.2562479839 0)
(0.899545438 0.09791706412 0)
(0.09791706412 0.100454562 0)
(0.9020829359 0.899545438 0)
(0.100454562 0.9020829359 0)
(0.7439594753 0.616723351 0)
(0.383276649 0.7439594753 0)
(0.616723351 0.2560405247 0)
(0.2560405247 0.383276649 0)
(0.4367387732 0.9040583685 0)
(0.9040583685 0.5632612268 0)
(0.09594163148 0.4367387732 0)
(0.5632612268 0.09594163148 0)
(0.7390914923 0.7988739242 0)
(0.2011260758 0.7390914923 0)
(0.7988739242 0.2609085077 0)
(0.2609085077 0.2011260758 0)
(0.8018394166 0.7250320778 0)
(0.2749679222 0.8018394166 0)
(0.7250320778 0.1981605834 0)
(0.1981605834 0.2749679222 0)
(0.4931742853 0.5915736281 0)
(0.5742991436 0.5525241874 0)
(0.4096907479 0.4912344963 0)
(0.5521295269 0.4295625197 0)
(0.6536325596 0.6458044931 0)
(0.3569465134 0.6526065362 0)
(0.6458044931 0.3463674404 0)
(0.3470320485 0.3569723273 0)
(0.8199905247 0.9183206666 0)
(0.08167933341 0.8199905247 0)
(0.9183206666 0.1800094753 0)
(0.1800094753 0.08167933341 0)
(0.8192213755 0.08343653174 0)
(0.9165634683 0.8192213755 0)
(0.08343653174 0.1807786245 0)
(0.1807786245 0.9165634683 0)
(0.6082784654 0.9188705776 0)
(0.08112942241 0.6082784654 0)
(0.9188705776 0.3917215346 0)
(0.3917215346 0.08112942241 0)
(0.51411236 0.7009245716 0)
(0.2990754284 0.51411236 0)
(0.6981518065 0.4800976317 0)
(0.4846453165 0.2981943793 0)
(0.9215721448 0.6585950141 0)
(0.6585950141 0.07842785524 0)
(0.3414049859 0.9215721448 0)
(0.07842785524 0.3414049859 0)
(0.4365845259 0.8236306648 0)
(0.8236306648 0.5634154741 0)
(0.1763693352 0.4365845259 0)
(0.5634154741 0.1763693352 0)
(0.4591211369 0.4324300759 0)
(0.5679048172 0.8174094634 0)
(0.1825905366 0.5679048172 0)
(0.8174094634 0.4320951828 0)
(0.4320951828 0.1825905366 0)
(0.6686318955 0.7764676304 0)
(0.2235323696 0.6686318955 0)
(0.7764676304 0.3313681045 0)
(0.3313681045 0.2235323696 0)
(0.6790826884 0.9293461148 0)
(0.0706538852 0.6790826884 0)
(0.9293461148 0.3209173116 0)
(0.3209173116 0.0706538852 0)
(0.4267898606 0.5624905176 0)
(0.592390704 0.4862560663 0)
(0.5013614856 0.3738920459 0)
(0.4478230689 0.7327895126 0)
(0.7350746781 0.5510399558 0)
(0.2672104874 0.4478230689 0)
(0.5514960926 0.2658364136 0)
(0.3972695808 0.4157225804 0)
(0.4955999378 0.9401940588 0)
(0.05980594125 0.4955999378 0)
(0.9401940588 0.5044000622 0)
(0.5044000622 0.05980594125 0)
(0.4063893483 0.6157173748 0)
(0.4929927784 0.8436070546 0)
(0.1563929454 0.4929927784 0)
(0.8436070546 0.5070072216 0)
(0.5070072216 0.1563929454 0)
(0.703556657 0.846732806 0)
(0.153267194 0.703556657 0)
(0.846732806 0.296443343 0)
(0.296443343 0.153267194 0)
(0.8379029503 0.7659136915 0)
(0.2340863085 0.8379029503 0)
(0.7659136915 0.1620970497 0)
(0.1620970497 0.2340863085 0)
(0.3964488747 0.9451110338 0)
(0.05488896618 0.3964488747 0)
(0.9451110338 0.6035511253 0)
(0.6035511253 0.05488896618 0)
(0.7590845409 0.67560839 0)
(0.32439161 0.7590845409 0)
(0.67560839 0.2409154591 0)
(0.2409154591 0.32439161 0)
(0.6436183603 0.698462723 0)
(0.301537277 0.6436183603 0)
(0.698462723 0.3563816397 0)
(0.3563816397 0.301537277 0)
(0.6107202117 0.5988013803 0)
(0.6001300186 0.386167198 0)
(0.6453408416 0.5110278477 0)
(0.9435430684 0.06067745099 0)
(0.06067745099 0.05645693161 0)
(0.939322549 0.9435430684 0)
(0.05645693161 0.939322549 0)
(0.7654440115 0.9448178649 0)
(0.05518213511 0.7654440115 0)
(0.9448178649 0.2345559885 0)
(0.2345559885 0.05518213511 0)
(0.9460784317 0.7658786281 0)
(0.7658786281 0.05392156832 0)
(0.2341213719 0.9460784317 0)
(0.05392156832 0.2341213719 0)
(0.5562091756 0.9415038016 0)
(0.05849619845 0.5562091756 0)
(0.9415038016 0.4437908244 0)
(0.4437908244 0.05849619845 0)
(0.7729611691 0.8439487156 0)
(0.1560512844 0.7729611691 0)
(0.8439487156 0.2270388309 0)
(0.2270388309 0.1560512844 0)
(0.8494182637 0.6954732994 0)
(0.6954732994 0.1505817363 0)
(0.3045267006 0.8494182637 0)
(0.1505817363 0.3045267006 0)
(0.5085521731 0.6403047299 0)
(0.3559386108 0.5101944377 0)
(0.5682823682 0.6971931012 0)
(0.3028068988 0.5682823682 0)
(0.6948472995 0.4309015341 0)
(0.436320887 0.3021050864 0)
(0.5479430363 0.7419214265 0)
(0.2580785735 0.5479430363 0)
(0.7419214265 0.4520569637 0)
(0.4520569637 0.2580785735 0)
(0.86676986 0.9447906969 0)
(0.05520930312 0.86676986 0)
(0.9447906969 0.13323014 0)
(0.13323014 0.05520930312 0)
(0.8653081937 0.05386344352 0)
(0.9461365565 0.8653081937 0)
(0.05386344352 0.1346918063 0)
(0.1346918063 0.9461365565 0)
(0.5873273092 0.8693540559 0)
(0.1306459441 0.5873273092 0)
(0.8693540559 0.4126726908 0)
(0.4126726908 0.1306459441 0)
(0.3946732772 0.6902562706 0)
(0.6940734478 0.6064862149 0)
(0.3061273014 0.3940371246 0)
(0.6064862149 0.3059265522 0)
(0.7498203937 0.7424290409 0)
(0.2575709591 0.7498203937 0)
(0.7424290409 0.2501796063 0)
(0.2501796063 0.2575709591 0)
(0.616704509 0.7970478381 0)
(0.2029521619 0.616704509 0)
(0.7970478381 0.383295491 0)
(0.383295491 0.2029521619 0)
(0.9468430118 0.7126554449 0)
(0.7126554449 0.05315698817 0)
(0.2873445551 0.9468430118 0)
(0.05315698817 0.2873445551 0)
(0.8523324487 0.8801398512 0)
(0.1198601488 0.8523324487 0)
(0.8801398512 0.1476675513 0)
(0.1476675513 0.1198601488 0)
(0.5227724804 0.5497617986 0)
(0.8037750974 0.6124683992 0)
(0.3875316008 0.8037750974 0)
(0.6124683992 0.1962249026 0)
(0.1962249026 0.3875316008 0)
(0.7901480721 0.7893930234 0)
(0.2106069766 0.7901480721 0)
(0.7893930234 0.2098519279 0)
(0.2098519279 0.2106069766 0)
(0.7078124694 0.6584094085 0)
(0.3415905915 0.7078124694 0)
(0.6584094085 0.2921875306 0)
(0.2921875306 0.3415905915 0)
(0.3906428855 0.8864678504 0)
(0.8864678504 0.6093571145 0)
(0.1135321496 0.3906428855 0)
(0.6093571145 0.1135321496 0)
(0.5422671444 0.5952625304 0)
(0.5096304433 0.4518885456 0)
(0.8087224461 0.6738978043 0)
(0.3261021957 0.8087224461 0)
(0.6738978043 0.1912775539 0)
(0.1912775539 0.3261021957 0)
(0.4529598392 0.51504354 0)
(0.9516319904 0.552178949 0)
(0.552178949 0.04836800958 0)
(0.447821051 0.9516319904 0)
(0.04836800958 0.447821051 0)
(0.608888696 0.665893415 0)
(0.334106585 0.608888696 0)
(0.665893415 0.391111304 0)
(0.3869830341 0.3358796508 0)
(0.5451818418 0.5002980397 0)
(0.8699438102 0.8047916551 0)
(0.1952083449 0.8699438102 0)
(0.8047916551 0.1300561898 0)
(0.1300561898 0.1952083449 0)
(0.4887996118 0.8863448244 0)
(0.1136551756 0.4887996118 0)
(0.8863448244 0.5112003882 0)
(0.5112003882 0.1136551756 0)
(0.4310028262 0.7780057318 0)
(0.7780057318 0.5689971738 0)
(0.2219942682 0.4310028262 0)
(0.5689971738 0.2219942682 0)
(0.6717770351 0.8819217895 0)
(0.1180782105 0.6717770351 0)
(0.8819217895 0.3282229649 0)
(0.3282229649 0.1180782105 0)
(0.4547237836 0.6176369593 0)
(0.7198960537 0.9528943892 0)
(0.04710561084 0.7198960537 0)
(0.9528943892 0.2801039463 0)
(0.2801039463 0.04710561084 0)
(0.6406534936 0.9553471884 0)
(0.04465281159 0.6406534936 0)
(0.9553471884 0.3593465064 0)
(0.3593465064 0.04465281159 0)
(0.621950479 0.5441951299 0)
(0.3795415575 0.4565783105 0)
(0.5954664423 0.4389582118 0)
(0.5465025367 0.3781145645 0)
(0.8111625344 0.8712845493 0)
(0.1287154507 0.8111625344 0)
(0.8712845493 0.1888374656 0)
(0.1888374656 0.1287154507 0)
(0.7052516535 0.7517634468 0)
(0.2482365532 0.7052516535 0)
(0.7516778428 0.2947445296 0)
(0.2947483465 0.2482365532 0)
(0.891237022 0.8553247976 0)
(0.8553247976 0.108762978 0)
(0.1446752024 0.891237022 0)
(0.108762978 0.1446752024 0)
(0.3534257365 0.4007670643 0)
(0.3944514143 0.5351506554 0)
(0.4706567983 0.3396969123 0)
(0.5182695004 0.3258532075 0)
(0.4809379319 0.5472285864 0)
(0.8253325811 0.9574833205 0)
(0.04251667953 0.8253325811 0)
(0.9574833205 0.1746674189 0)
(0.1746674189 0.04251667953 0)
(0.8262758781 0.04073638539 0)
(0.9592636146 0.8262758781 0)
(0.04073638539 0.1737241219 0)
(0.1737241219 0.9592636146 0)
(0.4225680772 0.4497601786 0)
(0.4976531772 0.7367675326 0)
(0.4724597896 0.6960737031 0)
(0.2632324674 0.4976531772 0)
(0.3039262969 0.4724597896 0)
(0.6918969968 0.5232379157 0)
(0.7369172953 0.5073982665 0)
(0.5069410128 0.2618832537 0)
(0.4642400486 0.4743481982 0)
(0.4611672461 0.3884625384 0)
(0.9605001715 0.6454659921 0)
(0.6454659921 0.03949982846 0)
(0.3545340079 0.9605001715 0)
(0.03949982846 0.3545340079 0)
(0.5388686156 0.8464644173 0)
(0.1535355827 0.5388686156 0)
(0.8464644173 0.4611313844 0)
(0.4611313844 0.1535355827 0)
(0.650289677 0.5967840978 0)
(0.5962938362 0.3500910789 0)
(0.5772439254 0.7774080264 0)
(0.2225919736 0.5772439254 0)
(0.7774080264 0.4227560746 0)
(0.4227560746 0.2225919736 0)
(0.4513449767 0.8627652132 0)
(0.1372347868 0.4513449767 0)
(0.8627652132 0.5486550233 0)
(0.5486550233 0.1372347868 0)
(0.8820993076 0.6625890028 0)
(0.3374109972 0.8820993076 0)
(0.6625890028 0.1179006924 0)
(0.1179006924 0.3374109972 0)
(0.4021365411 0.8541375883 0)
(0.8541375883 0.5978634589 0)
(0.1458624117 0.4021365411 0)
(0.5978634589 0.1458624117 0)
(0.3868807258 0.3743047865 0)
(0.9036785253 0.7789428679 0)
(0.7789428679 0.09632147466 0)
(0.2210571321 0.9036785253 0)
(0.09632147466 0.2210571321 0)
(0.7758011023 0.8975338001 0)
(0.1024661999 0.7758011023 0)
(0.8975338001 0.2241988977 0)
(0.2241988977 0.1024661999 0)
(0.6640000235 0.4669160304 0)
(0.6492002184 0.7442288402 0)
(0.2557711598 0.6492002184 0)
(0.7442288402 0.3507997816 0)
(0.3507997816 0.2557711598 0)
(0.5923411287 0.9586868646 0)
(0.04131313542 0.5923411287 0)
(0.9586868646 0.4076588713 0)
(0.4076588713 0.04131313542 0)
(0.5435054485 0.4633016713 0)
(0.6370907573 0.893064841 0)
(0.106935159 0.6370907573 0)
(0.893064841 0.3629092427 0)
(0.3629092427 0.106935159 0)
(0.9594965252 0.09358634526 0)
(0.09358634526 0.04050347482 0)
(0.9064136547 0.9594965252 0)
(0.04050347482 0.9064136547 0)
(0.9048067889 0.04068872451 0)
(0.9593112755 0.9048067889 0)
(0.04068872451 0.09519321114 0)
(0.09519321114 0.9593112755 0)
(0.6632179548 0.8196386072 0)
(0.1803613928 0.6632179548 0)
(0.8196386072 0.3367820452 0)
(0.3367820452 0.1803613928 0)
(0.9003739693 0.6995167145 0)
(0.6995167145 0.09962603075 0)
(0.3004832855 0.9003739693 0)
(0.09962603075 0.3004832855 0)
(0.5318544938 0.7897343385 0)
(0.2102656615 0.5318544938 0)
(0.7897335496 0.4681407134 0)
(0.4681407134 0.2102664504 0)
(0.6728162895 0.6708916887 0)
(0.3295013122 0.6726697147 0)
(0.6708916887 0.3271837105 0)
(0.3272786546 0.3295049999 0)
(0.5467322448 0.6699106528 0)
(0.3356800411 0.543259753 0)
(0.572134967 0.9024081841 0)
(0.09759181589 0.572134967 0)
(0.9024081841 0.427865033 0)
(0.427865033 0.09759181589 0)
(0.4039628209 0.6551577697 0)
(0.467656797 0.8108530376 0)
(0.1891469624 0.467656797 0)
(0.8108530376 0.532343203 0)
(0.532343203 0.1891469624 0)
(0.4995196438 0.423107018 0)
(0.6035410444 0.8323155108 0)
(0.1676844892 0.6035410444 0)
(0.8323155108 0.3964589556 0)
(0.3964589556 0.1676844892 0)
(0.6156797877 0.703773795 0)
(0.296226205 0.6156797877 0)
(0.7065342117 0.3897702575 0)
(0.3907837948 0.2945074158 0)
(0.5217869769 0.9635936792 0)
(0.03640632084 0.5217869769 0)
(0.9635936792 0.4782130231 0)
(0.4782130231 0.03640632084 0)
(0.7761428365 0.6400041402 0)
(0.3599958598 0.7761428365 0)
(0.6400041402 0.2238571635 0)
(0.2238571635 0.3599958598 0)
(0.3992442016 0.5807595186 0)
(0.7100427068 0.7974619508 0)
(0.2025380492 0.7100427068 0)
(0.7974619508 0.2899572932 0)
(0.2899572932 0.2025380492 0)
(0.6285250625 0.4647831725 0)
(0.5224654492 0.2905897006 0)
(0.7846321291 0.755322665 0)
(0.244677335 0.7846321291 0)
(0.755322665 0.2153678709 0)
(0.2153678709 0.244677335 0)
(0.8358679305 0.7309029934 0)
(0.7309029934 0.1641320695 0)
(0.2690970066 0.8358679305 0)
(0.1641320695 0.2690970066 0)
(0.4253029049 0.7073415527 0)
(0.7056897957 0.5712559851 0)
(0.2980268052 0.4302852594 0)
(0.5704966477 0.2977787272 0)
(0.7390332673 0.8553091457 0)
(0.1446908543 0.7390332673 0)
(0.8553091457 0.2609667327 0)
(0.2609667327 0.1446908543 0)
(0.5988946833 0.5142693967 0)
(0.7007676458 0.9003060096 0)
(0.0996939904 0.7007676458 0)
(0.9003060096 0.2992323542 0)
(0.2992323542 0.0996939904 0)
(0.3782702532 0.604921729 0)
(0.4566209889 0.762237863 0)
(0.237762137 0.4566209889 0)
(0.7651597548 0.5434716212 0)
(0.5435367836 0.2349704011 0)
(0.6774669186 0.7284799279 0)
(0.2715200721 0.6774669186 0)
(0.7284799279 0.3225330814 0)
(0.3225330814 0.2715200721 0)
(0.4765500278 0.660550839 0)
(0.3397102186 0.477463379 0)
(0.6691795778 0.9725176064 0)
(0.02748239358 0.6691795778 0)
(0.9725176064 0.3308204222 0)
(0.3308204222 0.02748239358 0)
(0.4477898002 0.5858139508 0)
(0.4333733876 0.4102179664 0)
(0.5731940431 0.5866636738 0)
(0.644145046 0.9279219289 0)
(0.07207807109 0.644145046 0)
(0.9279219289 0.355854954 0)
(0.355854954 0.07207807109 0)
(0.9633374405 0.6852267433 0)
(0.6852267433 0.0366625595 0)
(0.3147732567 0.9633374405 0)
(0.0366625595 0.3147732567 0)
(0.7428532664 0.7073518358 0)
(0.2926481642 0.7428532664 0)
(0.7073518358 0.2571467336 0)
(0.2571467336 0.2926481642 0)
(0.8526666654 0.9101506985 0)
(0.08984930146 0.8526666654 0)
(0.9101506985 0.1473333346 0)
(0.1473333346 0.08984930146 0)
(0.5245348327 0.9203271933 0)
(0.07967280668 0.5245348327 0)
(0.9203271933 0.4754651673 0)
(0.4754651673 0.07967280668 0)
(0.7968903241 0.9713682107 0)
(0.02863178933 0.7968903241 0)
(0.9713682107 0.2031096759 0)
(0.2031096759 0.02863178933 0)
(0.7965676796 0.0283669487 0)
(0.9716330513 0.7965676796 0)
(0.0283669487 0.2034323204 0)
(0.2034323204 0.9716330513 0)
(0.4156972549 0.7336445229 0)
(0.7336445229 0.5843027451 0)
(0.2663554771 0.4156972549 0)
(0.5843027451 0.2663554771 0)
(0.9680198207 0.5788098366 0)
(0.5788098366 0.03198017928 0)
(0.4211901634 0.9680198207 0)
(0.03198017928 0.4211901634 0)
(0.5996767001 0.6353241016 0)
(0.6341193522 0.3987051235 0)
(0.860984341 0.8355533072 0)
(0.8355533072 0.139015659 0)
(0.1644466928 0.860984341 0)
(0.139015659 0.1644466928 0)
(0.5158338563 0.8104508451 0)
(0.1895491549 0.5158338563 0)
(0.8104500562 0.4841613509 0)
(0.4841613509 0.1895499438 0)
(0.9669809312 0.7371036038 0)
(0.7371036038 0.03301906882 0)
(0.2628963962 0.9669809312 0)
(0.03301906882 0.2628963962 0)
(0.9622759053 0.03822653749 0)
(0.03822653749 0.0377240947 0)
(0.9617734625 0.9622759053 0)
(0.0377240947 0.9617734625 0)
(0.9658572094 0.5246815791 0)
(0.5246815791 0.03414279058 0)
(0.4753184209 0.9658572094 0)
(0.03414279058 0.4753184209 0)
(0.9068648795 0.6327075461 0)
(0.6327075461 0.09313512052 0)
(0.3672924539 0.9068648795 0)
(0.09313512052 0.3672924539 0)
(0.8722134467 0.7701627235 0)
(0.2298372765 0.8722134467 0)
(0.7701627235 0.1277865533 0)
(0.1277865533 0.2298372765 0)
(0.9298701428 0.7389656654 0)
(0.7389656654 0.07012985721 0)
(0.2610343346 0.9298701428 0)
(0.07012985721 0.2610343346 0)
(0.7381730003 0.9248045683 0)
(0.07519543167 0.7381730003 0)
(0.9248045683 0.2618269997 0)
(0.2618269997 0.07519543167 0)
(0.5435975738 0.7152188833 0)
(0.2847811167 0.5435975738 0)
(0.7134349661 0.4542711342 0)
(0.4564024262 0.2847811167 0)
(0.5729415347 0.7287954856 0)
(0.2712045144 0.5729415347 0)
(0.7274598502 0.4274508145 0)
(0.4274038044 0.2714289269 0)
(0.8786283417 0.5740768607 0)
(0.5740768607 0.1213716583 0)
(0.4259231393 0.8786283417 0)
(0.1213716583 0.4259231393 0)
(0.6853975401 0.6379158242 0)
(0.3628227772 0.6845625293 0)
(0.6379158242 0.3146024599 0)
(0.3158166756 0.3626232912 0)
(0.7405692277 0.6487107586 0)
(0.3512892414 0.7405692277 0)
(0.6487107586 0.2594307723 0)
(0.2594307723 0.3512892414 0)
(0.4636898765 0.9239633376 0)
(0.07603666237 0.4636898765 0)
(0.9239633376 0.5363101235 0)
(0.5363101235 0.07603666237 0)
(0.9305379291 0.577713408 0)
(0.577713408 0.0694620709 0)
(0.422286592 0.9305379291 0)
(0.0694620709 0.422286592 0)
(0.4819216007 0.6240266261 0)
(0.5258697876 0.4026112945 0)
(0.53551901 0.6245684217 0)
(0.8234819497 0.7968700179 0)
(0.2031299821 0.8234819497 0)
(0.7968700179 0.1765180503 0)
(0.1765180503 0.2031299821 0)
(0.6321836676 0.5687653381 0)
(0.7675024143 0.8112863536 0)
(0.7981543664 0.8196314954 0)
(0.1887136464 0.7675024143 0)
(0.1803685046 0.7981543664 0)
(0.8112863536 0.2324975857 0)
(0.8196314954 0.2018456336 0)
(0.2324975857 0.1887136464 0)
(0.2018456336 0.1803685046 0)
(0.8122797245 0.645584926 0)
(0.645584926 0.1877202755 0)
(0.354415074 0.8122797245 0)
(0.1877202755 0.354415074 0)
(0.6378893871 0.6690978526 0)
(0.3317975816 0.6374923849 0)
(0.6690978526 0.3621106129 0)
(0.3616267305 0.3318695163 0)
(0.763297739 0.8705531943 0)
(0.1294468057 0.763297739 0)
(0.8705531943 0.236702261 0)
(0.236702261 0.1294468057 0)
(0.9250702507 0.08763634482 0)
(0.08763634482 0.07492974933 0)
(0.9123636552 0.9250702507 0)
(0.07492974933 0.9123636552 0)
(0.7471837096 0.9686276944 0)
(0.03137230564 0.7471837096 0)
(0.9686276944 0.2528162904 0)
(0.2528162904 0.03137230564 0)
(0.7241224675 0.8248786833 0)
(0.1751213167 0.7241224675 0)
(0.8248786833 0.2758775325 0)
(0.2758775325 0.1751213167 0)
(0.5089820449 0.865899217 0)
(0.134100783 0.5089820449 0)
(0.865899217 0.4910179551 0)
(0.4910179551 0.134100783 0)
(0.7852083416 0.6929703881 0)
(0.3070296119 0.7852083416 0)
(0.6929703881 0.2147916584 0)
(0.2147916584 0.3070296119 0)
(0.6665626156 0.5294543665 0)
(0.3720187034 0.7140817835 0)
(0.7174736247 0.6263395279 0)
(0.2841350859 0.3727090919 0)
(0.6263395279 0.2825263753 0)
(0.5695133083 0.3999867319 0)
(0.6717712319 0.8504022569 0)
(0.1495977431 0.6717712319 0)
(0.8504022569 0.3282287681 0)
(0.3282287681 0.1495977431 0)
(0.4295406689 0.6371747512 0)
(0.422080859 0.5264665839 0)
(0.5468211527 0.5662013605 0)
(0.3760507253 0.4810235884 0)
(0.8941173027 0.0697669292 0)
(0.9302330708 0.8941173027 0)
(0.0697669292 0.1058826973 0)
(0.1058826973 0.9302330708 0)
(0.4243330909 0.5907814983 0)
(0.76009292 0.7777034656 0)
(0.2222965344 0.76009292 0)
(0.7777034656 0.23990708 0)
(0.23990708 0.2222965344 0)
(0.4455357018 0.3325229245 0)
(0.6017176494 0.5663881015 0)
(0.57044648 0.367238865 0)
(0.3669048222 0.4285746303 0)
(0.9708095229 0.6170326758 0)
(0.6170326758 0.02919047705 0)
(0.3829673242 0.9708095229 0)
(0.02919047705 0.3829673242 0)
(0.4104366058 0.3854205512 0)
(0.8200078276 0.6979512839 0)
(0.8324795661 0.6685055688 0)
(0.3020487161 0.8200078276 0)
(0.6979512839 0.1799921724 0)
(0.3314944312 0.8324795661 0)
(0.6685055688 0.1675204339 0)
(0.1799921724 0.3020487161 0)
(0.1675204339 0.3314944312 0)
(0.7150007026 0.8721927233 0)
(0.1278072767 0.7150007026 0)
(0.8721927233 0.2849992974 0)
(0.2849992974 0.1278072767 0)
(0.7270404061 0.6798144138 0)
(0.3201855862 0.7270404061 0)
(0.6797977686 0.2729588518 0)
(0.2729595939 0.3201855862 0)
(0.6255681415 0.7640832454 0)
(0.2359167546 0.6255681415 0)
(0.7629133738 0.3738365092 0)
(0.3738365092 0.2370866262 0)
(0.5476385003 0.9713568783 0)
(0.02864312167 0.5476385003 0)
(0.9713568783 0.4523614997 0)
(0.4523614997 0.02864312167 0)
(0.8542060406 0.9718993645 0)
(0.02810063548 0.8542060406 0)
(0.9718993645 0.1457939594 0)
(0.1457939594 0.02810063548 0)
(0.8539399535 0.02263623968 0)
(0.02263623968 0.1460600465 0)
(0.9773637603 0.8539399535 0)
(0.1460600465 0.9773637603 0)
(0.3811757135 0.6345210164 0)
(0.6375909585 0.8162232153 0)
(0.1837767847 0.6375909585 0)
(0.8162232153 0.3624090415 0)
(0.3624090415 0.1837767847 0)
(0.7933994544 0.9316348445 0)
(0.06836515551 0.7933994544 0)
(0.9316348445 0.2066005456 0)
(0.2066005456 0.06836515551 0)
(0.9352823219 0.7960785448 0)
(0.7960785448 0.06471767812 0)
(0.2039214552 0.9352823219 0)
(0.06471767812 0.2039214552 0)
(0.6294524094 0.6224684792 0)
(0.6229088884 0.3690675356 0)
(0.5589130883 0.8682729868 0)
(0.1317270132 0.5589130883 0)
(0.8682729868 0.4410869117 0)
(0.4410869117 0.1317270132 0)
(0.8655417962 0.7229800324 0)
(0.7229800324 0.1344582038 0)
(0.2770199676 0.8655417962 0)
(0.1344582038 0.2770199676 0)
(0.9726197685 0.06652073055 0)
(0.06652073055 0.02738023147 0)
(0.9325865637 0.03022238301 0)
(0.969777617 0.9325865637 0)
(0.9334792695 0.9726197685 0)
(0.02738023147 0.9334792695 0)
(0.03022238301 0.06741343632 0)
(0.06741343632 0.969777617 0)
(0.5788779231 0.6677937509 0)
(0.3330547002 0.5787713785 0)
(0.6632932147 0.4169315908 0)
(0.4351811203 0.4763653378 0)
(0.9153034145 0.8451768618 0)
(0.8451768618 0.08469658546 0)
(0.1548231382 0.9153034145 0)
(0.08469658546 0.1548231382 0)
(0.5184740019 0.7570568089 0)
(0.2429431911 0.5184740019 0)
(0.7566927605 0.4820146168 0)
(0.482605521 0.2442324376 0)
(0.7708221682 0.7202624209 0)
(0.2797375791 0.7708221682 0)
(0.7202624209 0.2291778318 0)
(0.2291778318 0.2797375791 0)
(0.5191488151 0.5798852451 0)
(0.6742555219 0.4991469086 0)
(0.7700244432 0.5960544973 0)
(0.4039455027 0.7700244432 0)
(0.5960544973 0.2299755568 0)
(0.2299755568 0.4039455027 0)
(0.6226382523 0.4960568091 0)
(0.5134068477 0.6099886089 0)
(0.8140927337 0.7505645637 0)
(0.2494354363 0.8140927337 0)
(0.7505645637 0.1859072663 0)
(0.1859072663 0.2494354363 0)
(0.5070282693 0.6754848087 0)
(0.3208251348 0.5057801968 0)
(0.5192046965 0.4795419506 0)
(0.3678446437 0.5373786212 0)
(0.5468370979 0.5345299378 0)
(0.7276219452 0.7682109897 0)
(0.2317890103 0.7276219452 0)
(0.7682047503 0.2723777766 0)
(0.2723780548 0.2317890103 0)
(0.4640688421 0.8389885941 0)
(0.8389885941 0.5359311579 0)
(0.1610114059 0.4640688421 0)
(0.5359311579 0.1610114059 0)
(0.5747334068 0.4551494055 0)
(0.8769836069 0.6391413743 0)
(0.3608586257 0.8769836069 0)
(0.6391413743 0.1230163931 0)
(0.1230163931 0.3608586257 0)
(0.8890940272 0.8266360227 0)
(0.1733639773 0.8890940272 0)
(0.8266360227 0.1109059728 0)
(0.1109059728 0.1733639773 0)
(0.5244336097 0.3570165971 0)
(0.6170907895 0.8638046117 0)
(0.1361953883 0.6170907895 0)
(0.8638046117 0.3829092105 0)
(0.3829092105 0.1361953883 0)
(0.5222684351 0.5176794644 0)
(0.3272368345 0.4131955763 0)
(0.4178662512 0.8013583648 0)
(0.8013583648 0.5821337488 0)
(0.1986416352 0.4178662512 0)
(0.5821337488 0.1986416352 0)
(0.7026390935 0.9756120809 0)
(0.02438791914 0.7026390935 0)
(0.9756120809 0.2973609065 0)
(0.2973609065 0.02438791914 0)
(0.8366849456 0.8592000516 0)
(0.1407999484 0.8366849456 0)
(0.8592000516 0.1633150544 0)
(0.1633150544 0.1407999484 0)
(0.6180116884 0.9734039312 0)
(0.0265960688 0.6180116884 0)
(0.9734039312 0.3819883116 0)
(0.3819883116 0.0265960688 0)
(0.7233277321 0.7314915731 0)
(0.2685084269 0.7233277321 0)
(0.7305297856 0.2765596043 0)
(0.2766722679 0.2685084269 0)
(0.580042512 0.6146998293 0)
(0.5839229437 0.9329384485 0)
(0.0670615515 0.5839229437 0)
(0.9329384485 0.4160770563 0)
(0.4160770563 0.0670615515 0)
(0.6040908752 0.8904254393 0)
(0.1095745607 0.6040908752 0)
(0.8904254393 0.3959091248 0)
(0.3959091248 0.1095745607 0)
(0.4772316785 0.5228807038 0)
(0.8821866771 0.9185157488 0)
(0.9185157488 0.1178133229 0)
(0.08148425116 0.8821866771 0)
(0.1178133229 0.08148425116 0)
(0.5730229744 0.8454723314 0)
(0.1545276686 0.5730229744 0)
(0.8454723314 0.4269770256 0)
(0.4269770256 0.1545276686 0)
(0.6769029645 0.5843823839 0)
(0.5868083294 0.3236220275 0)
(0.9280002634 0.6877682198 0)
(0.6877682198 0.07199973659 0)
(0.3122317802 0.9280002634 0)
(0.07199973659 0.3122317802 0)
(0.3825721692 0.8311698373 0)
(0.8311698373 0.6174278308 0)
(0.1688301627 0.3825721692 0)
(0.6174278308 0.1688301627 0)
(0.4539591682 0.5460243781 0)
(0.8286358356 0.8910644698 0)
(0.1089355302 0.8286358356 0)
(0.8910644698 0.1713641644 0)
(0.1713641644 0.1089355302 0)
(0.9754322767 0.7082471584 0)
(0.7082471584 0.0245677233 0)
(0.2917528416 0.9754322767 0)
(0.0245677233 0.2917528416 0)
(0.8800866567 0.8839772903 0)
(0.8839772903 0.1199133433 0)
(0.1160227097 0.8800866567 0)
(0.1199133433 0.1160227097 0)
(0.538801972 0.8155683157 0)
(0.1844316843 0.538801972 0)
(0.8155680528 0.4611964304 0)
(0.4611964304 0.1844319472 0)
(0.518987862 0.7277723623 0)
(0.2722276377 0.518987862 0)
(0.7266200813 0.4807457994 0)
(0.4811277842 0.2720014142 0)
(0.5899965606 0.8008648599 0)
(0.1991351401 0.5899965606 0)
(0.8008648599 0.4100034394 0)
(0.4100034394 0.1991351401 0)
(0.4479527483 0.7937601027 0)
(0.2062398973 0.4479527483 0)
(0.7956554855 0.5526253589 0)
(0.5520735471 0.205774608 0)
(0.7065978066 0.9316240397 0)
(0.06837596033 0.7065978066 0)
(0.9316240397 0.2934021934 0)
(0.2934021934 0.06837596033 0)
(0.903928143 0.5870902879 0)
(0.5870902879 0.09607185695 0)
(0.4129097121 0.903928143 0)
(0.09607185695 0.4129097121 0)
(0.9769384828 0.7661599823 0)
(0.7661599823 0.02306151717 0)
(0.2338400177 0.9769384828 0)
(0.02306151717 0.2338400177 0)
(0.3336270631 0.3845783349 0)
(0.8408111077 0.9360461377 0)
(0.06395386233 0.8408111077 0)
(0.9360461377 0.1591888923 0)
(0.1591888923 0.06395386233 0)
(0.6802009 0.7057581662 0)
(0.2942979768 0.6801799608 0)
(0.7056582948 0.3197946469 0)
(0.3198126634 0.2942985036 0)
(0.5093529664 0.8960281543 0)
(0.1039718457 0.5093529664 0)
(0.8960281543 0.4906470336 0)
(0.4906470336 0.1039718457 0)
(0.478517547 0.4475870959 0)
(0.4024811127 0.3560572395 0)
(0.8738111588 0.08811796967 0)
(0.9118820303 0.8738111588 0)
(0.1261888412 0.9118820303 0)
(0.08811796967 0.1261888412 0)
(0.4186236128 0.678954624 0)
(0.6452091262 0.7899528999 0)
(0.2100471001 0.6452091262 0)
(0.7897125297 0.3552801212 0)
(0.3552801212 0.2102874703 0)
(0.9778852689 0.5469809763 0)
(0.5469809763 0.02211473111 0)
(0.4530190237 0.9778852689 0)
(0.02211473111 0.4530190237 0)
(0.6868545224 0.4551173684 0)
(0.4626439751 0.3120341729 0)
(0.6057291427 0.4162584996 0)
(0.5235735208 0.4292608313 0)
(0.4107080212 0.3228346435 0)
(0.6258480935 0.7281276894 0)
(0.2718723106 0.6258480935 0)
(0.7285999103 0.3711820086 0)
(0.3713026679 0.271524093 0)
(0.4782000813 0.8635453314 0)
(0.1364546686 0.4782000813 0)
(0.8635453314 0.5217999187 0)
(0.5217999187 0.1364546686 0)
(0.4785237931 0.3664573314 0)
(0.5647205263 0.484910747 0)
(0.5425019963 0.312202729 0)
(0.3559227893 0.6213768101 0)
(0.6154279884 0.9460205175 0)
(0.05397948254 0.6154279884 0)
(0.9460205175 0.3845720116 0)
(0.3845720116 0.05397948254 0)
(0.4918079905 0.4748970863 0)
(0.8491145985 0.5699353333 0)
(0.4300646667 0.8491145985 0)
(0.5699353333 0.1508854015 0)
(0.1508854015 0.4300646667 0)
(0.6775540971 0.7530577441 0)
(0.2469422559 0.6775540971 0)
(0.752959911 0.3224415408 0)
(0.3224459029 0.2469422559 0)
(0.4017025839 0.4665217904 0)
(0.8844142733 0.9737957616 0)
(0.02620423843 0.8844142733 0)
(0.02343768154 0.1189390128 0)
(0.1189390128 0.9765623185 0)
(0.8810609872 0.02343768154 0)
(0.9765623185 0.8810609872 0)
(0.9737957616 0.1155857267 0)
(0.1155857267 0.02620423843 0)
(0.374427958 0.3555408961 0)
(0.3838269588 0.5583178749 0)
(0.7858436653 0.6661445647 0)
(0.3338554353 0.7858436653 0)
(0.6661445647 0.2141563347 0)
(0.2141563347 0.3338554353 0)
(0.8054904343 0.8476465864 0)
(0.1523534136 0.8054904343 0)
(0.8476465864 0.1945095657 0)
(0.1945095657 0.1523534136 0)
(0.4614792808 0.8903575077 0)
(0.1096424923 0.4614792808 0)
(0.8903575077 0.5385207192 0)
(0.5385207192 0.1096424923 0)
(0.9753269857 0.4281139909 0)
(0.4281139909 0.0246730143 0)
(0.5718860091 0.9753269857 0)
(0.0246730143 0.5718860091 0)
(0.39735246 0.4407763605 0)
(0.6666124359 0.9067441732 0)
(0.09325582677 0.6666124359 0)
(0.9067441732 0.3333875641 0)
(0.3333875641 0.09325582677 0)
(0.4928761741 0.7120841634 0)
(0.2878989355 0.493405311 0)
(0.7078899555 0.5035827935 0)
(0.6266550264 0.6478513764 0)
(0.6475648003 0.3734724033 0)
(0.8455964632 0.8095252053 0)
(0.1904747947 0.8455964632 0)
(0.8095252053 0.1544035368 0)
(0.1544035368 0.1904747947 0)
(0.8551788653 0.7476487434 0)
(0.2523512566 0.8551788653 0)
(0.7476487434 0.1448211347 0)
(0.1448211347 0.2523512566 0)
(0.7497733151 0.8306412056 0)
(0.1693587944 0.7497733151 0)
(0.8306412056 0.2502266849 0)
(0.2502266849 0.1693587944 0)
(0.4565623808 0.6420204657 0)
(0.5715455487 0.5183984584 0)
(0.3794417232 0.6650562869 0)
(0.4965912358 0.3489263862 0)
(0.4469393834 0.4537233582 0)
(0.6650457361 0.6193728352 0)
(0.6189917353 0.3349317175 0)
(0.6489569181 0.8685594033 0)
(0.1314405967 0.6489569181 0)
(0.8685594033 0.3510430819 0)
(0.3510430819 0.1314405967 0)
(0.4310179283 0.7553404147 0)
(0.7550998327 0.568213939 0)
(0.2446595853 0.4310179283 0)
(0.5682884103 0.2450489169 0)
(0.8765033891 0.6903724662 0)
(0.3096275338 0.8765033891 0)
(0.6903724662 0.1234966109 0)
(0.1234966109 0.3096275338 0)
(0.6999856061 0.684132285 0)
(0.3159575438 0.6999521033 0)
(0.6840890074 0.3000124643 0)
(0.3000360954 0.3159583867 0)
(0.4910461569 0.3237677441 0)
(0.3468231196 0.8983625856 0)
(0.8983625856 0.6531768804 0)
(0.1016374144 0.3468231196 0)
(0.6531768804 0.1016374144 0)
(0.5010402928 0.5352881007 0)
(0.601749299 0.4572612051 0)
(0.8101346731 0.7735908813 0)
(0.2264091187 0.8101346731 0)
(0.7735908813 0.1898653269 0)
(0.1898653269 0.2264091187 0)
(0.6241886721 0.52153224 0)
(0.8954909419 0.8025156533 0)
(0.8025156533 0.1045090581 0)
(0.1974843467 0.8954909419 0)
(0.1045090581 0.1974843467 0)
(0.01974625479 0.641818952 0)
(0.641818952 0.9802537452 0)
(0.358181048 0.01974625479 0)
(0.9802537452 0.358181048 0)
(0.6898705422 0.9513021027 0)
(0.04869789731 0.6898705422 0)
(0.9513021027 0.3101294578 0)
(0.3101294578 0.04869789731 0)
(0.4345899527 0.5003793923 0)
(0.8029248901 0.8976222917 0)
(0.1023777083 0.8029248901 0)
(0.8976222917 0.1970751099 0)
(0.1970751099 0.1023777083 0)
(0.3619265707 0.3783270478 0)
(0.02255199616 0.7690943296 0)
(0.7690943296 0.9774480038 0)
(0.9774480038 0.2309056704 0)
(0.2309056704 0.02255199616 0)
(0.6442543929 0.5414961945 0)
(0.4085276641 0.8263808979 0)
(0.1736191021 0.4085276641 0)
(0.8263808979 0.5914723359 0)
(0.5914723359 0.1736191021 0)
(0.379474007 0.3971861101 0)
(0.5001790973 0.9761605907 0)
(0.02383940933 0.5001790973 0)
(0.9761605907 0.4998209027 0)
(0.4998209027 0.02383940933 0)
(0.5474114831 0.9130938566 0)
(0.08690614337 0.5474114831 0)
(0.9130938566 0.4525885169 0)
(0.4525885169 0.08690614337 0)
(0.4869385927 0.9122440728 0)
(0.08775592723 0.4869385927 0)
(0.9122440728 0.5130614073 0)
(0.5130614073 0.08775592723 0)
(0.694621599 0.7741504019 0)
(0.2258495981 0.694621599 0)
(0.7741187892 0.3053769914 0)
(0.305378401 0.2258495981 0)
(0.6935273824 0.8204485815 0)
(0.1795514185 0.6935273824 0)
(0.8204485815 0.3064726176 0)
(0.3064726176 0.1795514185 0)
(0.9192017868 0.05892112376 0)
(0.9410788762 0.9192017868 0)
(0.05892112376 0.08079821316 0)
(0.08079821316 0.9410788762 0)
(0.3560427322 0.4569295866 0)
(0.5995480871 0.7736941711 0)
(0.2263058289 0.5995480871 0)
(0.771737494 0.4014882033 0)
(0.4014882033 0.228262506 0)
(0.4985249586 0.5624261843 0)
(0.9466356474 0.6651306965 0)
(0.6651306965 0.05336435257 0)
(0.3348693035 0.9466356474 0)
(0.05336435257 0.3348693035 0)
(0.849827724 0.7894526587 0)
(0.2105473413 0.849827724 0)
(0.7894526587 0.150172276 0)
(0.150172276 0.2105473413 0)
(0.4749687475 0.496724234 0)
(0.5780026112 0.7542585854 0)
(0.2457414146 0.5780026112 0)
(0.7533273355 0.4215425998 0)
(0.4223051719 0.2462380926 0)
(0.4387385748 0.3807954014 0)
(0.4317590983 0.6115899357 0)
(0.4703969082 0.6001876281 0)
(0.615035177 0.4416980529 0)
(0.5532120981 0.7698773868 0)
(0.2301226132 0.5532120981 0)
(0.7697671753 0.446790371 0)
(0.4469054626 0.2302745446 0)
(0.5778614974 0.4267068371 0)
(0.9208007181 0.7631144215 0)
(0.7631144215 0.07919928192 0)
(0.2368855785 0.9208007181 0)
(0.07919928192 0.2368855785 0)
(0.3902999518 0.5110033547 0)
(0.661828033 0.9458183852 0)
(0.05418161475 0.661828033 0)
(0.9458183852 0.338171967 0)
(0.338171967 0.05418161475 0)
(0.5965272729 0.6879528424 0)
(0.3121193048 0.596518213 0)
(0.6879894204 0.4033767373 0)
(0.01802429036 0.359375 0)
(0.359375 0.9819757096 0)
(0.640625 0.01802429036 0)
(0.9819757096 0.640625 0)
(0.6925746545 0.8703111171 0)
(0.1296888829 0.6925746545 0)
(0.8703111171 0.3074253455 0)
(0.3074253455 0.1296888829 0)
(0.9161177367 0.7159491544 0)
(0.7159491544 0.08388226334 0)
(0.2840508456 0.9161177367 0)
(0.08388226334 0.2840508456 0)
(0.7615132169 0.9200134409 0)
(0.07998655911 0.7615132169 0)
(0.9200134409 0.2384867831 0)
(0.2384867831 0.07998655911 0)
(0.5984401246 0.5397862325 0)
(0.9400599249 0.6320267767 0)
(0.6320267767 0.05994007508 0)
(0.3679732233 0.9400599249 0)
(0.05994007508 0.3679732233 0)
(0.7185003319 0.6011697794 0)
(0.3984596842 0.7173307285 0)
(0.6012959213 0.2823253428 0)
(0.2823977242 0.3988379453 0)
(0.3552148259 0.592875407 0)
(0.4488612533 0.6875229884 0)
(0.6870739361 0.550176037 0)
(0.3120382775 0.4509329099 0)
(0.9011519433 0.675336383 0)
(0.675336383 0.09884805672 0)
(0.324663617 0.9011519433 0)
(0.09884805672 0.324663617 0)
(0.5598356445 0.7951437318 0)
(0.2048562682 0.5598356445 0)
(0.7951251879 0.4401637019 0)
(0.4401828839 0.2048817654 0)
(0.3925472611 0.9184522317 0)
(0.08154776831 0.3925472611 0)
(0.9184522317 0.6074527389 0)
(0.6074527389 0.08154776831 0)
(0.4718823002 0.411753902 0)
(0.4897207094 0.3943806884 0)
(0.8589917653 0.6207059016 0)
(0.3792940984 0.8589917653 0)
(0.6207059016 0.1410082347 0)
(0.1410082347 0.3792940984 0)
(0.6610590251 0.4436182687 0)
(0.7254392847 0.9774913731 0)
(0.0225086269 0.7254392847 0)
(0.9774913731 0.2745607153 0)
(0.2745607153 0.0225086269 0)
(0.01915374893 0.8269898494 0)
(0.8269898494 0.9808462511 0)
(0.1730101506 0.01915374893 0)
(0.9808462511 0.1730101506 0)
(0.9823432131 0.8277297746 0)
(0.8277297746 0.01765678692 0)
(0.1722702254 0.9823432131 0)
(0.01765678692 0.1722702254 0)
(0.4052786589 0.5526370301 0)
(0.5361022958 0.6931224913 0)
(0.3075175289 0.5357029352 0)
(0.7886063116 0.8714315229 0)
(0.1285684771 0.7886063116 0)
(0.8714315229 0.2113936884 0)
(0.2113936884 0.1285684771 0)
(0.5478451151 0.354611707 0)
(0.8900464434 0.9425151243 0)
(0.05748487568 0.8900464434 0)
(0.9425151243 0.1099535566 0)
(0.1099535566 0.05748487568 0)
(0.6205207008 0.6850361256 0)
(0.3151573907 0.6204394884 0)
(0.6856067519 0.3787029786 0)
(0.3800262773 0.3158893974 0)
(0.4177611468 0.4298413514 0)
(0.4726882026 0.7302068736 0)
(0.269790712 0.4727637936 0)
(0.7156268946 0.5336925801 0)
(0.4876875324 0.7604996474 0)
(0.2395002479 0.4876908119 0)
(0.7426849203 0.5295693614 0)
(0.5300712154 0.2611084012 0)
(0.8655741637 0.8620471344 0)
(0.1379528656 0.8655741637 0)
(0.8620471344 0.1344258363 0)
(0.1344258363 0.1379528656 0)
(0.9345098752 0.8304121708 0)
(0.8304121708 0.06549012485 0)
(0.1695878292 0.9345098752 0)
(0.06549012485 0.1695878292 0)
(0.7625332857 0.5133258875 0)
(0.5134426653 0.2380749184 0)
(0.5003294125 0.2860659591 0)
(0.6465065767 0.4855771959 0)
(0.6506568387 0.7661079863 0)
(0.2338920137 0.6506568387 0)
(0.7656634161 0.348254107 0)
(0.3482547301 0.2343226078 0)
(0.6992783463 0.7296965202 0)
(0.2703059155 0.6992774379 0)
(0.7292052427 0.2995329837 0)
(0.3007222421 0.2703059384 0)
(0.4538011444 0.7108209622 0)
(0.2899072363 0.4545524443 0)
(0.02283073922 0.3367310067 0)
(0.3367310067 0.9771692608 0)
(0.6632689933 0.02283073922 0)
(0.9771692608 0.6632689933 0)
(0.4551443812 0.3580370445 0)
(0.4772705081 0.7873751411 0)
(0.2126248526 0.4772707073 0)
(0.7874149643 0.5225971407 0)
(0.5228075719 0.2123407405 0)
(0.5576537661 0.6124924615 0)
(0.6552054795 0.7224077763 0)
(0.2775979525 0.6552033429 0)
(0.7218791745 0.3443440221 0)
(0.3443638329 0.2781323686 0)
(0.4740759461 0.5708197471 0)
(0.5150395564 0.8338593035 0)
(0.1661406965 0.5150395564 0)
(0.8338591782 0.4849596828 0)
(0.4849596828 0.1661408218 0)
(0.4359526264 0.4351945861 0)
(0.5322662899 0.64914467 0)
(0.9454116491 0.5293926784 0)
(0.5293926784 0.05458835094 0)
(0.4706073216 0.9454116491 0)
(0.05458835094 0.4706073216 0)
(0.6786272962 0.7979406497 0)
(0.2020593503 0.6786272962 0)
(0.7979406497 0.3213727038 0)
(0.3213727038 0.2020593503 0)
(0.7644920793 0.6990482587 0)
(0.3009517413 0.7644920793 0)
(0.6990482587 0.2355079207 0)
(0.2355079207 0.3009517413 0)
(0.9815691609 0.01843083907 0)
(0.01843083907 0.01843083907 0)
(0.9815691609 0.9815691609 0)
(0.01843083907 0.9815691609 0)
(0.4915623479 0.8182675527 0)
(0.1817324471 0.4915623553 0)
(0.8182688236 0.5084314545 0)
(0.5084392798 0.1817220919 0)
(0.742338091 0.9475497679 0)
(0.05245023212 0.742338091 0)
(0.9475497679 0.257661909 0)
(0.257661909 0.05245023212 0)
(0.5963342753 0.7170749514 0)
(0.2829336375 0.5963331968 0)
(0.7117616298 0.4128427588 0)
(0.4128850285 0.2892557672 0)
(0.5245418549 0.3779086255 0)
(0.5320928814 0.9429461084 0)
(0.05705389155 0.5320928814 0)
(0.9429461084 0.4679071186 0)
(0.4679071186 0.05705389155 0)
(0.5033511671 0.3048941981 0)
(0.01589719085 0.046875 0)
(0.953125 0.01589719085 0)
(0.953125 0.9841028092 0)
(0.9841028092 0.046875 0)
(0.01589719085 0.953125 0)
(0.046875 0.9841028092 0)
(0.9841028092 0.953125 0)
(0.046875 0.01589719085 0)
(0.3752825545 0.5807864299 0)
(0.4523879417 0.4925721405 0)
(0.888428571 0.7159954137 0)
(0.2840045863 0.888428571 0)
(0.7159954137 0.111571429 0)
(0.111571429 0.2840045863 0)
(0.8606140129 0.6659702402 0)
(0.3340297598 0.8606140129 0)
(0.6659702402 0.1393859871 0)
(0.1393859871 0.3340297598 0)
(0.5388566056 0.3367305054 0)
(0.5459374313 0.2883062303 0)
(0.5 0.5 0.1)
(0.7120579655 0.7057877477 0.1)
(0.2942122523 0.7120579655 0.1)
(0.7056878763 0.2879375814 0.1)
(0.2879420345 0.2942122523 0.1)
(0.5044846831 0.7872747621 0.1)
(0.2127252379 0.5044846831 0.1)
(0.7872700288 0.4954865599 0.1)
(0.4954865599 0.2127299712 0.1)
(0.8277357784 0.8288138355 0.1)
(0.1711861645 0.8277357784 0.1)
(0.8288138355 0.1722642216 0.1)
(0.1722642216 0.1711861645 0.1)
(0.560689557 0.639167207 0.1)
(0.3598565331 0.56705762 0.1)
(0.6385145332 0.4323069426 0.1)
(0.4320139023 0.3589732129 0.1)
(0.6397397297 0.8461999438 0.1)
(0.1538000562 0.6397397297 0.1)
(0.8461999438 0.3602602703 0.1)
(0.3602602703 0.1538000562 0.1)
(0.8461999438 0.6397397297 0.1)
(0.3602602703 0.8461999438 0.1)
(0.6397397297 0.1538000562 0.1)
(0.1538000562 0.3602602703 0.1)
(0.4400308621 0.6634774507 0.1)
(0.3338676242 0.4414002815 0.1)
(0.6618932127 0.5618553314 0.1)
(0.5612328065 0.3339682864 0.1)
(0.5367669572 0.8881362475 0.1)
(0.1118637525 0.5367669572 0.1)
(0.8881362475 0.4632330428 0.1)
(0.4632330428 0.1118637525 0.1)
(0.6028263698 0.743373574 0.1)
(0.256626426 0.6028263698 0.1)
(0.7397137305 0.3994115299 0.1)
(0.3994115299 0.2602862695 0.1)
(0.7424493447 0.8929734387 0.1)
(0.1070265613 0.7424493447 0.1)
(0.8929734387 0.2575506553 0.1)
(0.2575506553 0.1070265613 0.1)
(0.8931651773 0.7437520161 0.1)
(0.7437520161 0.1068348227 0.1)
(0.2562479839 0.8931651773 0.1)
(0.1068348227 0.2562479839 0.1)
(0.899545438 0.09791706412 0.1)
(0.09791706412 0.100454562 0.1)
(0.9020829359 0.899545438 0.1)
(0.100454562 0.9020829359 0.1)
(0.7439594753 0.616723351 0.1)
(0.383276649 0.7439594753 0.1)
(0.616723351 0.2560405247 0.1)
(0.2560405247 0.383276649 0.1)
(0.4367387732 0.9040583685 0.1)
(0.9040583685 0.5632612268 0.1)
(0.09594163148 0.4367387732 0.1)
(0.5632612268 0.09594163148 0.1)
(0.7390914923 0.7988739242 0.1)
(0.2011260758 0.7390914923 0.1)
(0.7988739242 0.2609085077 0.1)
(0.2609085077 0.2011260758 0.1)
(0.8018394166 0.7250320778 0.1)
(0.2749679222 0.8018394166 0.1)
(0.7250320778 0.1981605834 0.1)
(0.1981605834 0.2749679222 0.1)
(0.4931742853 0.5915736281 0.1)
(0.5742991436 0.5525241874 0.1)
(0.4096907479 0.4912344963 0.1)
(0.5521295269 0.4295625197 0.1)
(0.6536325596 0.6458044931 0.1)
(0.3569465134 0.6526065362 0.1)
(0.6458044931 0.3463674404 0.1)
(0.3470320485 0.3569723273 0.1)
(0.8199905247 0.9183206666 0.1)
(0.08167933341 0.8199905247 0.1)
(0.9183206666 0.1800094753 0.1)
(0.1800094753 0.08167933341 0.1)
(0.8192213755 0.08343653174 0.1)
(0.9165634683 0.8192213755 0.1)
(0.08343653174 0.1807786245 0.1)
(0.1807786245 0.9165634683 0.1)
(0.6082784654 0.9188705776 0.1)
(0.08112942241 0.6082784654 0.1)
(0.9188705776 0.3917215346 0.1)
(0.3917215346 0.08112942241 0.1)
(0.51411236 0.7009245716 0.1)
(0.2990754284 0.51411236 0.1)
(0.6981518065 0.4800976317 0.1)
(0.4846453165 0.2981943793 0.1)
(0.9215721448 0.6585950141 0.1)
(0.6585950141 0.07842785524 0.1)
(0.3414049859 0.9215721448 0.1)
(0.07842785524 0.3414049859 0.1)
(0.4365845259 0.8236306648 0.1)
(0.8236306648 0.5634154741 0.1)
(0.1763693352 0.4365845259 0.1)
(0.5634154741 0.1763693352 0.1)
(0.4591211369 0.4324300759 0.1)
(0.5679048172 0.8174094634 0.1)
(0.1825905366 0.5679048172 0.1)
(0.8174094634 0.4320951828 0.1)
(0.4320951828 0.1825905366 0.1)
(0.6686318955 0.7764676304 0.1)
(0.2235323696 0.6686318955 0.1)
(0.7764676304 0.3313681045 0.1)
(0.3313681045 0.2235323696 0.1)
(0.6790826884 0.9293461148 0.1)
(0.0706538852 0.6790826884 0.1)
(0.9293461148 0.3209173116 0.1)
(0.3209173116 0.0706538852 0.1)
(0.4267898606 0.5624905176 0.1)
(0.592390704 0.4862560663 0.1)
(0.5013614856 0.3738920459 0.1)
(0.4478230689 0.7327895126 0.1)
(0.7350746781 0.5510399558 0.1)
(0.2672104874 0.4478230689 0.1)
(0.5514960926 0.2658364136 0.1)
(0.3972695808 0.4157225804 0.1)
(0.4955999378 0.9401940588 0.1)
(0.05980594125 0.4955999378 0.1)
(0.9401940588 0.5044000622 0.1)
(0.5044000622 0.05980594125 0.1)
(0.4063893483 0.6157173748 0.1)
(0.4929927784 0.8436070546 0.1)
(0.1563929454 0.4929927784 0.1)
(0.8436070546 0.5070072216 0.1)
(0.5070072216 0.1563929454 0.1)
(0.703556657 0.846732806 0.1)
(0.153267194 0.703556657 0.1)
(0.846732806 0.296443343 0.1)
(0.296443343 0.153267194 0.1)
(0.8379029503 0.7659136915 0.1)
(0.2340863085 0.8379029503 0.1)
(0.7659136915 0.1620970497 0.1)
(0.1620970497 0.2340863085 0.1)
(0.3964488747 0.9451110338 0.1)
(0.05488896618 0.3964488747 0.1)
(0.9451110338 0.6035511253 0.1)
(0.6035511253 0.05488896618 0.1)
(0.7590845409 0.67560839 0.1)
(0.32439161 0.7590845409 0.1)
(0.67560839 0.2409154591 0.1)
(0.2409154591 0.32439161 0.1)
(0.6436183603 0.698462723 0.1)
(0.301537277 0.6436183603 0.1)
(0.698462723 0.3563816397 0.1)
(0.3563816397 0.301537277 0.1)
(0.6107202117 0.5988013803 0.1)
(0.6001300186 0.386167198 0.1)
(0.6453408416 0.5110278477 0.1)
(0.9435430684 0.06067745099 0.1)
(0.06067745099 0.05645693161 0.1)
(0.939322549 0.9435430684 0.1)
(0.05645693161 0.939322549 0.1)
(0.7654440115 0.9448178649 0.1)
(0.05518213511 0.7654440115 0.1)
(0.9448178649 0.2345559885 0.1)
(0.2345559885 0.05518213511 0.1)
(0.9460784317 0.7658786281 0.1)
(0.7658786281 0.05392156832 0.1)
(0.2341213719 0.9460784317 0.1)
(0.05392156832 0.2341213719 0.1)
(0.5562091756 0.9415038016 0.1)
(0.05849619845 0.5562091756 0.1)
(0.9415038016 0.4437908244 0.1)
(0.4437908244 0.05849619845 0.1)
(0.7729611691 0.8439487156 0.1)
(0.1560512844 0.7729611691 0.1)
(0.8439487156 0.2270388309 0.1)
(0.2270388309 0.1560512844 0.1)
(0.8494182637 0.6954732994 0.1)
(0.6954732994 0.1505817363 0.1)
(0.3045267006 0.8494182637 0.1)
(0.1505817363 0.3045267006 0.1)
(0.5085521731 0.6403047299 0.1)
(0.3559386108 0.5101944377 0.1)
(0.5682823682 0.6971931012 0.1)
(0.3028068988 0.5682823682 0.1)
(0.6948472995 0.4309015341 0.1)
(0.436320887 0.3021050864 0.1)
(0.5479430363 0.7419214265 0.1)
(0.2580785735 0.5479430363 0.1)
(0.7419214265 0.4520569637 0.1)
(0.4520569637 0.2580785735 0.1)
(0.86676986 0.9447906969 0.1)
(0.05520930312 0.86676986 0.1)
(0.9447906969 0.13323014 0.1)
(0.13323014 0.05520930312 0.1)
(0.8653081937 0.05386344352 0.1)
(0.9461365565 0.8653081937 0.1)
(0.05386344352 0.1346918063 0.1)
(0.1346918063 0.9461365565 0.1)
(0.5873273092 0.8693540559 0.1)
(0.1306459441 0.5873273092 0.1)
(0.8693540559 0.4126726908 0.1)
(0.4126726908 0.1306459441 0.1)
(0.3946732772 0.6902562706 0.1)
(0.6940734478 0.6064862149 0.1)
(0.3061273014 0.3940371246 0.1)
(0.6064862149 0.3059265522 0.1)
(0.7498203937 0.7424290409 0.1)
(0.2575709591 0.7498203937 0.1)
(0.7424290409 0.2501796063 0.1)
(0.2501796063 0.2575709591 0.1)
(0.616704509 0.7970478381 0.1)
(0.2029521619 0.616704509 0.1)
(0.7970478381 0.383295491 0.1)
(0.383295491 0.2029521619 0.1)
(0.9468430118 0.7126554449 0.1)
(0.7126554449 0.05315698817 0.1)
(0.2873445551 0.9468430118 0.1)
(0.05315698817 0.2873445551 0.1)
(0.8523324487 0.8801398512 0.1)
(0.1198601488 0.8523324487 0.1)
(0.8801398512 0.1476675513 0.1)
(0.1476675513 0.1198601488 0.1)
(0.5227724804 0.5497617986 0.1)
(0.8037750974 0.6124683992 0.1)
(0.3875316008 0.8037750974 0.1)
(0.6124683992 0.1962249026 0.1)
(0.1962249026 0.3875316008 0.1)
(0.7901480721 0.7893930234 0.1)
(0.2106069766 0.7901480721 0.1)
(0.7893930234 0.2098519279 0.1)
(0.2098519279 0.2106069766 0.1)
(0.7078124694 0.6584094085 0.1)
(0.3415905915 0.7078124694 0.1)
(0.6584094085 0.2921875306 0.1)
(0.2921875306 0.3415905915 0.1)
(0.3906428855 0.8864678504 0.1)
(0.8864678504 0.6093571145 0.1)
(0.1135321496 0.3906428855 0.1)
(0.6093571145 0.1135321496 0.1)
(0.5422671444 0.5952625304 0.1)
(0.5096304433 0.4518885456 0.1)
(0.8087224461 0.6738978043 0.1)
(0.3261021957 0.8087224461 0.1)
(0.6738978043 0.1912775539 0.1)
(0.1912775539 0.3261021957 0.1)
(0.4529598392 0.51504354 0.1)
(0.9516319904 0.552178949 0.1)
(0.552178949 0.04836800958 0.1)
(0.447821051 0.9516319904 0.1)
(0.04836800958 0.447821051 0.1)
(0.608888696 0.665893415 0.1)
(0.334106585 0.608888696 0.1)
(0.665893415 0.391111304 0.1)
(0.3869830341 0.3358796508 0.1)
(0.5451818418 0.5002980397 0.1)
(0.8699438102 0.8047916551 0.1)
(0.1952083449 0.8699438102 0.1)
(0.8047916551 0.1300561898 0.1)
(0.1300561898 0.1952083449 0.1)
(0.4887996118 0.8863448244 0.1)
(0.1136551756 0.4887996118 0.1)
(0.8863448244 0.5112003882 0.1)
(0.5112003882 0.1136551756 0.1)
(0.4310028262 0.7780057318 0.1)
(0.7780057318 0.5689971738 0.1)
(0.2219942682 0.4310028262 0.1)
(0.5689971738 0.2219942682 0.1)
(0.6717770351 0.8819217895 0.1)
(0.1180782105 0.6717770351 0.1)
(0.8819217895 0.3282229649 0.1)
(0.3282229649 0.1180782105 0.1)
(0.4547237836 0.6176369593 0.1)
(0.7198960537 0.9528943892 0.1)
(0.04710561084 0.7198960537 0.1)
(0.9528943892 0.2801039463 0.1)
(0.2801039463 0.04710561084 0.1)
(0.6406534936 0.9553471884 0.1)
(0.04465281159 0.6406534936 0.1)
(0.9553471884 0.3593465064 0.1)
(0.3593465064 0.04465281159 0.1)
(0.621950479 0.5441951299 0.1)
(0.3795415575 0.4565783105 0.1)
(0.5954664423 0.4389582118 0.1)
(0.5465025367 0.3781145645 0.1)
(0.8111625344 0.8712845493 0.1)
(0.1287154507 0.8111625344 0.1)
(0.8712845493 0.1888374656 0.1)
(0.1888374656 0.1287154507 0.1)
(0.7052516535 0.7517634468 0.1)
(0.2482365532 0.7052516535 0.1)
(0.7516778428 0.2947445296 0.1)
(0.2947483465 0.2482365532 0.1)
(0.891237022 0.8553247976 0.1)
(0.8553247976 0.108762978 0.1)
(0.1446752024 0.891237022 0.1)
(0.108762978 0.1446752024 0.1)
(0.3534257365 0.4007670643 0.1)
(0.3944514143 0.5351506554 0.1)
(0.4706567983 0.3396969123 0.1)
(0.5182695004 0.3258532075 0.1)
(0.4809379319 0.5472285864 0.1)
(0.8253325811 0.9574833205 0.1)
(0.04251667953 0.8253325811 0.1)
(0.9574833205 0.1746674189 0.1)
(0.1746674189 0.04251667953 0.1)
(0.8262758781 0.04073638539 0.1)
(0.9592636146 0.8262758781 0.1)
(0.04073638539 0.1737241219 0.1)
(0.1737241219 0.9592636146 0.1)
(0.4225680772 0.4497601786 0.1)
(0.4976531772 0.7367675326 0.1)
(0.4724597896 0.6960737031 0.1)
(0.2632324674 0.4976531772 0.1)
(0.3039262969 0.4724597896 0.1)
(0.6918969968 0.5232379157 0.1)
(0.7369172953 0.5073982665 0.1)
(0.5069410128 0.2618832537 0.1)
(0.4642400486 0.4743481982 0.1)
(0.4611672461 0.3884625384 0.1)
(0.9605001715 0.6454659921 0.1)
(0.6454659921 0.03949982846 0.1)
(0.3545340079 0.9605001715 0.1)
(0.03949982846 0.3545340079 0.1)
(0.5388686156 0.8464644173 0.1)
(0.1535355827 0.5388686156 0.1)
(0.8464644173 0.4611313844 0.1)
(0.4611313844 0.1535355827 0.1)
(0.650289677 0.5967840978 0.1)
(0.5962938362 0.3500910789 0.1)
(0.5772439254 0.7774080264 0.1)
(0.2225919736 0.5772439254 0.1)
(0.7774080264 0.4227560746 0.1)
(0.4227560746 0.2225919736 0.1)
(0.4513449767 0.8627652132 0.1)
(0.1372347868 0.4513449767 0.1)
(0.8627652132 0.5486550233 0.1)
(0.5486550233 0.1372347868 0.1)
(0.8820993076 0.6625890028 0.1)
(0.3374109972 0.8820993076 0.1)
(0.6625890028 0.1179006924 0.1)
(0.1179006924 0.3374109972 0.1)
(0.4021365411 0.8541375883 0.1)
(0.8541375883 0.5978634589 0.1)
(0.1458624117 0.4021365411 0.1)
(0.5978634589 0.1458624117 0.1)
(0.3868807258 0.3743047865 0.1)
(0.9036785253 0.7789428679 0.1)
(0.7789428679 0.09632147466 0.1)
(0.2210571321 0.9036785253 0.1)
(0.09632147466 0.2210571321 0.1)
(0.7758011023 0.8975338001 0.1)
(0.1024661999 0.7758011023 0.1)
(0.8975338001 0.2241988977 0.1)
(0.2241988977 0.1024661999 0.1)
(0.6640000235 0.4669160304 0.1)
(0.6492002184 0.7442288402 0.1)
(0.2557711598 0.6492002184 0.1)
(0.7442288402 0.3507997816 0.1)
(0.3507997816 0.2557711598 0.1)
(0.5923411287 0.9586868646 0.1)
(0.04131313542 0.5923411287 0.1)
(0.9586868646 0.4076588713 0.1)
(0.4076588713 0.04131313542 0.1)
(0.5435054485 0.4633016713 0.1)
(0.6370907573 0.893064841 0.1)
(0.106935159 0.6370907573 0.1)
(0.893064841 0.3629092427 0.1)
(0.3629092427 0.106935159 0.1)
(0.9594965252 0.09358634526 0.1)
(0.09358634526 0.04050347482 0.1)
(0.9064136547 0.9594965252 0.1)
(0.04050347482 0.9064136547 0.1)
(0.9048067889 0.04068872451 0.1)
(0.9593112755 0.9048067889 0.1)
(0.04068872451 0.09519321114 0.1)
(0.09519321114 0.9593112755 0.1)
(0.6632179548 0.8196386072 0.1)
(0.1803613928 0.6632179548 0.1)
(0.8196386072 0.3367820452 0.1)
(0.3367820452 0.1803613928 0.1)
(0.9003739693 0.6995167145 0.1)
(0.6995167145 0.09962603075 0.1)
(0.3004832855 0.9003739693 0.1)
(0.09962603075 0.3004832855 0.1)
(0.5318544938 0.7897343385 0.1)
(0.2102656615 0.5318544938 0.1)
(0.7897335496 0.4681407134 0.1)
(0.4681407134 0.2102664504 0.1)
(0.6728162895 0.6708916887 0.1)
(0.3295013122 0.6726697147 0.1)
(0.6708916887 0.3271837105 0.1)
(0.3272786546 0.3295049999 0.1)
(0.5467322448 0.6699106528 0.1)
(0.3356800411 0.543259753 0.1)
(0.572134967 0.9024081841 0.1)
(0.09759181589 0.572134967 0.1)
(0.9024081841 0.427865033 0.1)
(0.427865033 0.09759181589 0.1)
(0.4039628209 0.6551577697 0.1)
(0.467656797 0.8108530376 0.1)
(0.1891469624 0.467656797 0.1)
(0.8108530376 0.532343203 0.1)
(0.532343203 0.1891469624 0.1)
(0.4995196438 0.423107018 0.1)
(0.6035410444 0.8323155108 0.1)
(0.1676844892 0.6035410444 0.1)
(0.8323155108 0.3964589556 0.1)
(0.3964589556 0.1676844892 0.1)
(0.6156797877 0.703773795 0.1)
(0.296226205 0.6156797877 0.1)
(0.7065342117 0.3897702575 0.1)
(0.3907837948 0.2945074158 0.1)
(0.5217869769 0.9635936792 0.1)
(0.03640632084 0.5217869769 0.1)
(0.9635936792 0.4782130231 0.1)
(0.4782130231 0.03640632084 0.1)
(0.7761428365 0.6400041402 0.1)
(0.3599958598 0.7761428365 0.1)
(0.6400041402 0.2238571635 0.1)
(0.2238571635 0.3599958598 0.1)
(0.3992442016 0.5807595186 0.1)
(0.7100427068 0.7974619508 0.1)
(0.2025380492 0.7100427068 0.1)
(0.7974619508 0.2899572932 0.1)
(0.2899572932 0.2025380492 0.1)
(0.6285250625 0.4647831725 0.1)
(0.5224654492 0.2905897006 0.1)
(0.7846321291 0.755322665 0.1)
(0.244677335 0.7846321291 0.1)
(0.755322665 0.2153678709 0.1)
(0.2153678709 0.244677335 0.1)
(0.8358679305 0.7309029934 0.1)
(0.7309029934 0.1641320695 0.1)
(0.2690970066 0.8358679305 0.1)
(0.1641320695 0.2690970066 0.1)
(0.4253029049 0.7073415527 0.1)
(0.7056897957 0.5712559851 0.1)
(0.2980268052 0.4302852594 0.1)
(0.5704966477 0.2977787272 0.1)
(0.7390332673 0.8553091457 0.1)
(0.1446908543 0.7390332673 0.1)
(0.8553091457 0.2609667327 0.1)
(0.2609667327 0.1446908543 0.1)
(0.5988946833 0.5142693967 0.1)
(0.7007676458 0.9003060096 0.1)
(0.0996939904 0.7007676458 0.1)
(0.9003060096 0.2992323542 0.1)
(0.2992323542 0.0996939904 0.1)
(0.3782702532 0.604921729 0.1)
(0.4566209889 0.762237863 0.1)
(0.237762137 0.4566209889 0.1)
(0.7651597548 0.5434716212 0.1)
(0.5435367836 0.2349704011 0.1)
(0.6774669186 0.7284799279 0.1)
(0.2715200721 0.6774669186 0.1)
(0.7284799279 0.3225330814 0.1)
(0.3225330814 0.2715200721 0.1)
(0.4765500278 0.660550839 0.1)
(0.3397102186 0.477463379 0.1)
(0.6691795778 0.9725176064 0.1)
(0.02748239358 0.6691795778 0.1)
(0.9725176064 0.3308204222 0.1)
(0.3308204222 0.02748239358 0.1)
(0.4477898002 0.5858139508 0.1)
(0.4333733876 0.4102179664 0.1)
(0.5731940431 0.5866636738 0.1)
(0.644145046 0.9279219289 0.1)
(0.07207807109 0.644145046 0.1)
(0.9279219289 0.355854954 0.1)
(0.355854954 0.07207807109 0.1)
(0.9633374405 0.6852267433 0.1)
(0.6852267433 0.0366625595 0.1)
(0.3147732567 0.9633374405 0.1)
(0.0366625595 0.3147732567 0.1)
(0.7428532664 0.7073518358 0.1)
(0.2926481642 0.7428532664 0.1)
(0.7073518358 0.2571467336 0.1)
(0.2571467336 0.2926481642 0.1)
(0.8526666654 0.9101506985 0.1)
(0.08984930146 0.8526666654 0.1)
(0.9101506985 0.1473333346 0.1)
(0.1473333346 0.08984930146 0.1)
(0.5245348327 0.9203271933 0.1)
(0.07967280668 0.5245348327 0.1)
(0.9203271933 0.4754651673 0.1)
(0.4754651673 0.07967280668 0.1)
(0.7968903241 0.9713682107 0.1)
(0.02863178933 0.7968903241 0.1)
(0.9713682107 0.2031096759 0.1)
(0.2031096759 0.02863178933 0.1)
(0.7965676796 0.0283669487 0.1)
(0.9716330513 0.7965676796 0.1)
(0.0283669487 0.2034323204 0.1)
(0.2034323204 0.9716330513 0.1)
(0.4156972549 0.7336445229 0.1)
(0.7336445229 0.5843027451 0.1)
(0.2663554771 0.4156972549 0.1)
(0.5843027451 0.2663554771 0.1)
(0.9680198207 0.5788098366 0.1)
(0.5788098366 0.03198017928 0.1)
(0.4211901634 0.9680198207 0.1)
(0.03198017928 0.4211901634 0.1)
(0.5996767001 0.6353241016 0.1)
(0.6341193522 0.3987051235 0.1)
(0.860984341 0.8355533072 0.1)
(0.8355533072 0.139015659 0.1)
(0.1644466928 0.860984341 0.1)
(0.139015659 0.1644466928 0.1)
(0.5158338563 0.8104508451 0.1)
(0.1895491549 0.5158338563 0.1)
(0.8104500562 0.4841613509 0.1)
(0.4841613509 0.1895499438 0.1)
(0.9669809312 0.7371036038 0.1)
(0.7371036038 0.03301906882 0.1)
(0.2628963962 0.9669809312 0.1)
(0.03301906882 0.2628963962 0.1)
(0.9622759053 0.03822653749 0.1)
(0.03822653749 0.0377240947 0.1)
(0.9617734625 0.9622759053 0.1)
(0.0377240947 0.9617734625 0.1)
(0.9658572094 0.5246815791 0.1)
(0.5246815791 0.03414279058 0.1)
(0.4753184209 0.9658572094 0.1)
(0.03414279058 0.4753184209 0.1)
(0.9068648795 0.6327075461 0.1)
(0.6327075461 0.09313512052 0.1)
(0.3672924539 0.9068648795 0.1)
(0.09313512052 0.3672924539 0.1)
(0.8722134467 0.7701627235 0.1)
(0.2298372765 0.8722134467 0.1)
(0.7701627235 0.1277865533 0.1)
(0.1277865533 0.2298372765 0.1)
(0.9298701428 0.7389656654 0.1)
(0.7389656654 0.07012985721 0.1)
(0.2610343346 0.9298701428 0.1)
(0.07012985721 0.2610343346 0.1)
(0.7381730003 0.9248045683 0.1)
(0.07519543167 0.7381730003 0.1)
(0.9248045683 0.2618269997 0.1)
(0.2618269997 0.07519543167 0.1)
(0.5435975738 0.7152188833 0.1)
(0.2847811167 0.5435975738 0.1)
(0.7134349661 0.4542711342 0.1)
(0.4564024262 0.2847811167 0.1)
(0.5729415347 0.7287954856 0.1)
(0.2712045144 0.5729415347 0.1)
(0.7274598502 0.4274508145 0.1)
(0.4274038044 0.2714289269 0.1)
(0.8786283417 0.5740768607 0.1)
(0.5740768607 0.1213716583 0.1)
(0.4259231393 0.8786283417 0.1)
(0.1213716583 0.4259231393 0.1)
(0.6853975401 0.6379158242 0.1)
(0.3628227772 0.6845625293 0.1)
(0.6379158242 0.3146024599 0.1)
(0.3158166756 0.3626232912 0.1)
(0.7405692277 0.6487107586 0.1)
(0.3512892414 0.7405692277 0.1)
(0.6487107586 0.2594307723 0.1)
(0.2594307723 0.3512892414 0.1)
(0.4636898765 0.9239633376 0.1)
(0.07603666237 0.4636898765 0.1)
(0.9239633376 0.5363101235 0.1)
(0.5363101235 0.07603666237 0.1)
(0.9305379291 0.577713408 0.1)
(0.577713408 0.0694620709 0.1)
(0.422286592 0.9305379291 0.1)
(0.0694620709 0.422286592 0.1)
(0.4819216007 0.6240266261 0.1)
(0.5258697876 0.4026112945 0.1)
(0.53551901 0.6245684217 0.1)
(0.8234819497 0.7968700179 0.1)
(0.2031299821 0.8234819497 0.1)
(0.7968700179 0.1765180503 0.1)
(0.1765180503 0.2031299821 0.1)
(0.6321836676 0.5687653381 0.1)
(0.7675024143 0.8112863536 0.1)
(0.7981543664 0.8196314954 0.1)
(0.1887136464 0.7675024143 0.1)
(0.1803685046 0.7981543664 0.1)
(0.8112863536 0.2324975857 0.1)
(0.8196314954 0.2018456336 0.1)
(0.2324975857 0.1887136464 0.1)
(0.2018456336 0.1803685046 0.1)
(0.8122797245 0.645584926 0.1)
(0.645584926 0.1877202755 0.1)
(0.354415074 0.8122797245 0.1)
(0.1877202755 0.354415074 0.1)
(0.6378893871 0.6690978526 0.1)
(0.3317975816 0.6374923849 0.1)
(0.6690978526 0.3621106129 0.1)
(0.3616267305 0.3318695163 0.1)
(0.763297739 0.8705531943 0.1)
(0.1294468057 0.763297739 0.1)
(0.8705531943 0.236702261 0.1)
(0.236702261 0.1294468057 0.1)
(0.9250702507 0.08763634482 0.1)
(0.08763634482 0.07492974933 0.1)
(0.9123636552 0.9250702507 0.1)
(0.07492974933 0.9123636552 0.1)
(0.7471837096 0.9686276944 0.1)
(0.03137230564 0.7471837096 0.1)
(0.9686276944 0.2528162904 0.1)
(0.2528162904 0.03137230564 0.1)
(0.7241224675 0.8248786833 0.1)
(0.1751213167 0.7241224675 0.1)
(0.8248786833 0.2758775325 0.1)
(0.2758775325 0.1751213167 0.1)
(0.5089820449 0.865899217 0.1)
(0.134100783 0.5089820449 0.1)
(0.865899217 0.4910179551 0.1)
(0.4910179551 0.134100783 0.1)
(0.7852083416 0.6929703881 0.1)
(0.3070296119 0.7852083416 0.1)
(0.6929703881 0.2147916584 0.1)
(0.2147916584 0.3070296119 0.1)
(0.6665626156 0.5294543665 0.1)
(0.3720187034 0.7140817835 0.1)
(0.7174736247 0.6263395279 0.1)
(0.2841350859 0.3727090919 0.1)
(0.6263395279 0.2825263753 0.1)
(0.5695133083 0.3999867319 0.1)
(0.6717712319 0.8504022569 0.1)
(0.1495977431 0.6717712319 0.1)
(0.8504022569 0.3282287681 0.1)
(0.3282287681 0.1495977431 0.1)
(0.4295406689 0.6371747512 0.1)
(0.422080859 0.5264665839 0.1)
(0.5468211527 0.5662013605 0.1)
(0.3760507253 0.4810235884 0.1)
(0.8941173027 0.0697669292 0.1)
(0.9302330708 0.8941173027 0.1)
(0.0697669292 0.1058826973 0.1)
(0.1058826973 0.9302330708 0.1)
(0.4243330909 0.5907814983 0.1)
(0.76009292 0.7777034656 0.1)
(0.2222965344 0.76009292 0.1)
(0.7777034656 0.23990708 0.1)
(0.23990708 0.2222965344 0.1)
(0.4455357018 0.3325229245 0.1)
(0.6017176494 0.5663881015 0.1)
(0.57044648 0.367238865 0.1)
(0.3669048222 0.4285746303 0.1)
(0.9708095229 0.6170326758 0.1)
(0.6170326758 0.02919047705 0.1)
(0.3829673242 0.9708095229 0.1)
(0.02919047705 0.3829673242 0.1)
(0.4104366058 0.3854205512 0.1)
(0.8200078276 0.6979512839 0.1)
(0.8324795661 0.6685055688 0.1)
(0.3020487161 0.8200078276 0.1)
(0.6979512839 0.1799921724 0.1)
(0.3314944312 0.8324795661 0.1)
(0.6685055688 0.1675204339 0.1)
(0.1799921724 0.3020487161 0.1)
(0.1675204339 0.3314944312 0.1)
(0.7150007026 0.8721927233 0.1)
(0.1278072767 0.7150007026 0.1)
(0.8721927233 0.2849992974 0.1)
(0.2849992974 0.1278072767 0.1)
(0.7270404061 0.6798144138 0.1)
(0.3201855862 0.7270404061 0.1)
(0.6797977686 0.2729588518 0.1)
(0.2729595939 0.3201855862 0.1)
(0.6255681415 0.7640832454 0.1)
(0.2359167546 0.6255681415 0.1)
(0.7629133738 0.3738365092 0.1)
(0.3738365092 0.2370866262 0.1)
(0.5476385003 0.9713568783 0.1)
(0.02864312167 0.5476385003 0.1)
(0.9713568783 0.4523614997 0.1)
(0.4523614997 0.02864312167 0.1)
(0.8542060406 0.9718993645 0.1)
(0.02810063548 0.8542060406 0.1)
(0.9718993645 0.1457939594 0.1)
(0.1457939594 0.02810063548 0.1)
(0.8539399535 0.02263623968 0.1)
(0.02263623968 0.1460600465 0.1)
(0.9773637603 0.8539399535 0.1)
(0.1460600465 0.9773637603 0.1)
(0.3811757135 0.6345210164 0.1)
(0.6375909585 0.8162232153 0.1)
(0.1837767847 0.6375909585 0.1)
(0.8162232153 0.3624090415 0.1)
(0.3624090415 0.1837767847 0.1)
(0.7933994544 0.9316348445 0.1)
(0.06836515551 0.7933994544 0.1)
(0.9316348445 0.2066005456 0.1)
(0.2066005456 0.06836515551 0.1)
(0.9352823219 0.7960785448 0.1)
(0.7960785448 0.06471767812 0.1)
(0.2039214552 0.9352823219 0.1)
(0.06471767812 0.2039214552 0.1)
(0.6294524094 0.6224684792 0.1)
(0.6229088884 0.3690675356 0.1)
(0.5589130883 0.8682729868 0.1)
(0.1317270132 0.5589130883 0.1)
(0.8682729868 0.4410869117 0.1)
(0.4410869117 0.1317270132 0.1)
(0.8655417962 0.7229800324 0.1)
(0.7229800324 0.1344582038 0.1)
(0.2770199676 0.8655417962 0.1)
(0.1344582038 0.2770199676 0.1)
(0.9726197685 0.06652073055 0.1)
(0.06652073055 0.02738023147 0.1)
(0.9325865637 0.03022238301 0.1)
(0.969777617 0.9325865637 0.1)
(0.9334792695 0.9726197685 0.1)
(0.02738023147 0.9334792695 0.1)
(0.03022238301 0.06741343632 0.1)
(0.06741343632 0.969777617 0.1)
(0.5788779231 0.6677937509 0.1)
(0.3330547002 0.5787713785 0.1)
(0.6632932147 0.4169315908 0.1)
(0.4351811203 0.4763653378 0.1)
(0.9153034145 0.8451768618 0.1)
(0.8451768618 0.08469658546 0.1)
(0.1548231382 0.9153034145 0.1)
(0.08469658546 0.1548231382 0.1)
(0.5184740019 0.7570568089 0.1)
(0.2429431911 0.5184740019 0.1)
(0.7566927605 0.4820146168 0.1)
(0.482605521 0.2442324376 0.1)
(0.7708221682 0.7202624209 0.1)
(0.2797375791 0.7708221682 0.1)
(0.7202624209 0.2291778318 0.1)
(0.2291778318 0.2797375791 0.1)
(0.5191488151 0.5798852451 0.1)
(0.6742555219 0.4991469086 0.1)
(0.7700244432 0.5960544973 0.1)
(0.4039455027 0.7700244432 0.1)
(0.5960544973 0.2299755568 0.1)
(0.2299755568 0.4039455027 0.1)
(0.6226382523 0.4960568091 0.1)
(0.5134068477 0.6099886089 0.1)
(0.8140927337 0.7505645637 0.1)
(0.2494354363 0.8140927337 0.1)
(0.7505645637 0.1859072663 0.1)
(0.1859072663 0.2494354363 0.1)
(0.5070282693 0.6754848087 0.1)
(0.3208251348 0.5057801968 0.1)
(0.5192046965 0.4795419506 0.1)
(0.3678446437 0.5373786212 0.1)
(0.5468370979 0.5345299378 0.1)
(0.7276219452 0.7682109897 0.1)
(0.2317890103 0.7276219452 0.1)
(0.7682047503 0.2723777766 0.1)
(0.2723780548 0.2317890103 0.1)
(0.4640688421 0.8389885941 0.1)
(0.8389885941 0.5359311579 0.1)
(0.1610114059 0.4640688421 0.1)
(0.5359311579 0.1610114059 0.1)
(0.5747334068 0.4551494055 0.1)
(0.8769836069 0.6391413743 0.1)
(0.3608586257 0.8769836069 0.1)
(0.6391413743 0.1230163931 0.1)
(0.1230163931 0.3608586257 0.1)
(0.8890940272 0.8266360227 0.1)
(0.1733639773 0.8890940272 0.1)
(0.8266360227 0.1109059728 0.1)
(0.1109059728 0.1733639773 0.1)
(0.5244336097 0.3570165971 0.1)
(0.6170907895 0.8638046117 0.1)
(0.1361953883 0.6170907895 0.1)
(0.8638046117 0.3829092105 0.1)
(0.3829092105 0.1361953883 0.1)
(0.5222684351 0.5176794644 0.1)
(0.3272368345 0.4131955763 0.1)
(0.4178662512 0.8013583648 0.1)
(0.8013583648 0.5821337488 0.1)
(0.1986416352 0.4178662512 0.1)
(0.5821337488 0.1986416352 0.1)
(0.7026390935 0.9756120809 0.1)
(0.02438791914 0.7026390935 0.1)
(0.9756120809 0.2973609065 0.1)
(0.2973609065 0.02438791914 0.1)
(0.8366849456 0.8592000516 0.1)
(0.1407999484 0.8366849456 0.1)
(0.8592000516 0.1633150544 0.1)
(0.1633150544 0.1407999484 0.1)
(0.6180116884 0.9734039312 0.1)
(0.0265960688 0.6180116884 0.1)
(0.9734039312 0.3819883116 0.1)
(0.3819883116 0.0265960688 0.1)
(0.7233277321 0.7314915731 0.1)
(0.2685084269 0.7233277321 0.1)
(0.7305297856 0.2765596043 0.1)
(0.2766722679 0.2685084269 0.1)
(0.580042512 0.6146998293 0.1)
(0.5839229437 0.9329384485 0.1)
(0.0670615515 0.5839229437 0.1)
(0.9329384485 0.4160770563 0.1)
(0.4160770563 0.0670615515 0.1)
(0.6040908752 0.8904254393 0.1)
(0.1095745607 0.6040908752 0.1)
(0.8904254393 0.3959091248 0.1)
(0.3959091248 0.1095745607 0.1)
(0.4772316785 0.5228807038 0.1)
(0.8821866771 0.9185157488 0.1)
(0.9185157488 0.1178133229 0.1)
(0.08148425116 0.8821866771 0.1)
(0.1178133229 0.08148425116 0.1)
(0.5730229744 0.8454723314 0.1)
(0.1545276686 0.5730229744 0.1)
(0.8454723314 0.4269770256 0.1)
(0.4269770256 0.1545276686 0.1)
(0.6769029645 0.5843823839 0.1)
(0.5868083294 0.3236220275 0.1)
(0.9280002634 0.6877682198 0.1)
(0.6877682198 0.07199973659 0.1)
(0.3122317802 0.9280002634 0.1)
(0.07199973659 0.3122317802 0.1)
(0.3825721692 0.8311698373 0.1)
(0.8311698373 0.6174278308 0.1)
(0.1688301627 0.3825721692 0.1)
(0.6174278308 0.1688301627 0.1)
(0.4539591682 0.5460243781 0.1)
(0.8286358356 0.8910644698 0.1)
(0.1089355302 0.8286358356 0.1)
(0.8910644698 0.1713641644 0.1)
(0.1713641644 0.1089355302 0.1)
(0.9754322767 0.7082471584 0.1)
(0.7082471584 0.0245677233 0.1)
(0.2917528416 0.9754322767 0.1)
(0.0245677233 0.2917528416 0.1)
(0.8800866567 0.8839772903 0.1)
(0.8839772903 0.1199133433 0.1)
(0.1160227097 0.8800866567 0.1)
(0.1199133433 0.1160227097 0.1)
(0.538801972 0.8155683157 0.1)
(0.1844316843 0.538801972 0.1)
(0.8155680528 0.4611964304 0.1)
(0.4611964304 0.1844319472 0.1)
(0.518987862 0.7277723623 0.1)
(0.2722276377 0.518987862 0.1)
(0.7266200813 0.4807457994 0.1)
(0.4811277842 0.2720014142 0.1)
(0.5899965606 0.8008648599 0.1)
(0.1991351401 0.5899965606 0.1)
(0.8008648599 0.4100034394 0.1)
(0.4100034394 0.1991351401 0.1)
(0.4479527483 0.7937601027 0.1)
(0.2062398973 0.4479527483 0.1)
(0.7956554855 0.5526253589 0.1)
(0.5520735471 0.205774608 0.1)
(0.7065978066 0.9316240397 0.1)
(0.06837596033 0.7065978066 0.1)
(0.9316240397 0.2934021934 0.1)
(0.2934021934 0.06837596033 0.1)
(0.903928143 0.5870902879 0.1)
(0.5870902879 0.09607185695 0.1)
(0.4129097121 0.903928143 0.1)
(0.09607185695 0.4129097121 0.1)
(0.9769384828 0.7661599823 0.1)
(0.7661599823 0.02306151717 0.1)
(0.2338400177 0.9769384828 0.1)
(0.02306151717 0.2338400177 0.1)
(0.3336270631 0.3845783349 0.1)
(0.8408111077 0.9360461377 0.1)
(0.06395386233 0.8408111077 0.1)
(0.9360461377 0.1591888923 0.1)
(0.1591888923 0.06395386233 0.1)
(0.6802009 0.7057581662 0.1)
(0.2942979768 0.6801799608 0.1)
(0.7056582948 0.3197946469 0.1)
(0.3198126634 0.2942985036 0.1)
(0.5093529664 0.8960281543 0.1)
(0.1039718457 0.5093529664 0.1)
(0.8960281543 0.4906470336 0.1)
(0.4906470336 0.1039718457 0.1)
(0.478517547 0.4475870959 0.1)
(0.4024811127 0.3560572395 0.1)
(0.8738111588 0.08811796967 0.1)
(0.9118820303 0.8738111588 0.1)
(0.1261888412 0.9118820303 0.1)
(0.08811796967 0.1261888412 0.1)
(0.4186236128 0.678954624 0.1)
(0.6452091262 0.7899528999 0.1)
(0.2100471001 0.6452091262 0.1)
(0.7897125297 0.3552801212 0.1)
(0.3552801212 0.2102874703 0.1)
(0.9778852689 0.5469809763 0.1)
(0.5469809763 0.02211473111 0.1)
(0.4530190237 0.9778852689 0.1)
(0.02211473111 0.4530190237 0.1)
(0.6868545224 0.4551173684 0.1)
(0.4626439751 0.3120341729 0.1)
(0.6057291427 0.4162584996 0.1)
(0.5235735208 0.4292608313 0.1)
(0.4107080212 0.3228346435 0.1)
(0.6258480935 0.7281276894 0.1)
(0.2718723106 0.6258480935 0.1)
(0.7285999103 0.3711820086 0.1)
(0.3713026679 0.271524093 0.1)
(0.4782000813 0.8635453314 0.1)
(0.1364546686 0.4782000813 0.1)
(0.8635453314 0.5217999187 0.1)
(0.5217999187 0.1364546686 0.1)
(0.4785237931 0.3664573314 0.1)
(0.5647205263 0.484910747 0.1)
(0.5425019963 0.312202729 0.1)
(0.3559227893 0.6213768101 0.1)
(0.6154279884 0.9460205175 0.1)
(0.05397948254 0.6154279884 0.1)
(0.9460205175 0.3845720116 0.1)
(0.3845720116 0.05397948254 0.1)
(0.4918079905 0.4748970863 0.1)
(0.8491145985 0.5699353333 0.1)
(0.4300646667 0.8491145985 0.1)
(0.5699353333 0.1508854015 0.1)
(0.1508854015 0.4300646667 0.1)
(0.6775540971 0.7530577441 0.1)
(0.2469422559 0.6775540971 0.1)
(0.752959911 0.3224415408 0.1)
(0.3224459029 0.2469422559 0.1)
(0.4017025839 0.4665217904 0.1)
(0.8844142733 0.9737957616 0.1)
(0.02620423843 0.8844142733 0.1)
(0.02343768154 0.1189390128 0.1)
(0.1189390128 0.9765623185 0.1)
(0.8810609872 0.02343768154 0.1)
(0.9765623185 0.8810609872 0.1)
(0.9737957616 0.1155857267 0.1)
(0.1155857267 0.02620423843 0.1)
(0.374427958 0.3555408961 0.1)
(0.3838269588 0.5583178749 0.1)
(0.7858436653 0.6661445647 0.1)
(0.3338554353 0.7858436653 0.1)
(0.6661445647 0.2141563347 0.1)
(0.2141563347 0.3338554353 0.1)
(0.8054904343 0.8476465864 0.1)
(0.1523534136 0.8054904343 0.1)
(0.8476465864 0.1945095657 0.1)
(0.1945095657 0.1523534136 0.1)
(0.4614792808 0.8903575077 0.1)
(0.1096424923 0.4614792808 0.1)
(0.8903575077 0.5385207192 0.1)
(0.5385207192 0.1096424923 0.1)
(0.9753269857 0.4281139909 0.1)
(0.4281139909 0.0246730143 0.1)
(0.5718860091 0.9753269857 0.1)
(0.0246730143 0.5718860091 0.1)
(0.39735246 0.4407763605 0.1)
(0.6666124359 0.9067441732 0.1)
(0.09325582677 0.6666124359 0.1)
(0.9067441732 0.3333875641 0.1)
(0.3333875641 0.09325582677 0.1)
(0.4928761741 0.7120841634 0.1)
(0.2878989355 0.493405311 0.1)
(0.7078899555 0.5035827935 0.1)
(0.6266550264 0.6478513764 0.1)
(0.6475648003 0.3734724033 0.1)
(0.8455964632 0.8095252053 0.1)
(0.1904747947 0.8455964632 0.1)
(0.8095252053 0.1544035368 0.1)
(0.1544035368 0.1904747947 0.1)
(0.8551788653 0.7476487434 0.1)
(0.2523512566 0.8551788653 0.1)
(0.7476487434 0.1448211347 0.1)
(0.1448211347 0.2523512566 0.1)
(0.7497733151 0.8306412056 0.1)
(0.1693587944 0.7497733151 0.1)
(0.8306412056 0.2502266849 0.1)
(0.2502266849 0.1693587944 0.1)
(0.4565623808 0.6420204657 0.1)
(0.5715455487 0.5183984584 0.1)
(0.3794417232 0.6650562869 0.1)
(0.4965912358 0.3489263862 0.1)
(0.4469393834 0.4537233582 0.1)
(0.6650457361 0.6193728352 0.1)
(0.6189917353 0.3349317175 0.1)
(0.6489569181 0.8685594033 0.1)
(0.1314405967 0.6489569181 0.1)
(0.8685594033 0.3510430819 0.1)
(0.3510430819 0.1314405967 0.1)
(0.4310179283 0.7553404147 0.1)
(0.7550998327 0.568213939 0.1)
(0.2446595853 0.4310179283 0.1)
(0.5682884103 0.2450489169 0.1)
(0.8765033891 0.6903724662 0.1)
(0.3096275338 0.8765033891 0.1)
(0.6903724662 0.1234966109 0.1)
(0.1234966109 0.3096275338 0.1)
(0.6999856061 0.684132285 0.1)
(0.3159575438 0.6999521033 0.1)
(0.6840890074 0.3000124643 0.1)
(0.3000360954 0.3159583867 0.1)
(0.4910461569 0.3237677441 0.1)
(0.3468231196 0.8983625856 0.1)
(0.8983625856 0.6531768804 0.1)
(0.1016374144 0.3468231196 0.1)
(0.6531768804 0.1016374144 0.1)
(0.5010402928 0.5352881007 0.1)
(0.601749299 0.4572612051 0.1)
(0.8101346731 0.7735908813 0.1)
(0.2264091187 0.8101346731 0.1)
(0.7735908813 0.1898653269 0.1)
(0.1898653269 0.2264091187 0.1)
(0.6241886721 0.52153224 0.1)
(0.8954909419 0.8025156533 0.1)
(0.8025156533 0.1045090581 0.1)
(0.1974843467 0.8954909419 0.1)
(0.1045090581 0.1974843467 0.1)
(0.01974625479 0.641818952 0.1)
(0.641818952 0.9802537452 0.1)
(0.358181048 0.01974625479 0.1)
(0.9802537452 0.358181048 0.1)
(0.6898705422 0.9513021027 0.1)
(0.04869789731 0.6898705422 0.1)
(0.9513021027 0.3101294578 0.1)
(0.3101294578 0.04869789731 0.1)
(0.4345899527 0.5003793923 0.1)
(0.8029248901 0.8976222917 0.1)
(0.1023777083 0.8029248901 0.1)
(0.8976222917 0.1970751099 0.1)
(0.1970751099 0.1023777083 0.1)
(0.3619265707 0.3783270478 0.1)
(0.02255199616 0.7690943296 0.1)
(0.7690943296 0.9774480038 0.1)
(0.9774480038 0.2309056704 0.1)
(0.2309056704 0.02255199616 0.1)
(0.6442543929 0.5414961945 0.1)
(0.4085276641 0.8263808979 0.1)
(0.1736191021 0.4085276641 0.1)
(0.8263808979 0.5914723359 0.1)
(0.5914723359 0.1736191021 0.1)
(0.379474007 0.3971861101 0.1)
(0.5001790973 0.9761605907 0.1)
(0.02383940933 0.5001790973 0.1)
(0.9761605907 0.4998209027 0.1)
(0.4998209027 0.02383940933 0.1)
(0.5474114831 0.9130938566 0.1)
(0.08690614337 0.5474114831 0.1)
(0.9130938566 0.4525885169 0.1)
(0.4525885169 0.08690614337 0.1)
(0.4869385927 0.9122440728 0.1)
(0.08775592723 0.4869385927 0.1)
(0.9122440728 0.5130614073 0.1)
(0.5130614073 0.08775592723 0.1)
(0.694621599 0.7741504019 0.1)
(0.2258495981 0.694621599 0.1)
(0.7741187892 0.3053769914 0.1)
(0.305378401 0.2258495981 0.1)
(0.6935273824 0.8204485815 0.1)
(0.1795514185 0.6935273824 0.1)
(0.8204485815 0.3064726176 0.1)
(0.3064726176 0.1795514185 0.1)
(0.9192017868 0.05892112376 0.1)
(0.9410788762 0.9192017868 0.1)
(0.05892112376 0.08079821316 0.1)
(0.08079821316 0.9410788762 0.1)
(0.3560427322 0.4569295866 0.1)
(0.5995480871 0.7736941711 0.1)
(0.2263058289 0.5995480871 0.1)
(0.771737494 0.4014882033 0.1)
(0.4014882033 0.228262506 0.1)
(0.4985249586 0.5624261843 0.1)
(0.9466356474 0.6651306965 0.1)
(0.6651306965 0.05336435257 0.1)
(0.3348693035 0.9466356474 0.1)
(0.05336435257 0.3348693035 0.1)
(0.849827724 0.7894526587 0.1)
(0.2105473413 0.849827724 0.1)
(0.7894526587 0.150172276 0.1)
(0.150172276 0.2105473413 0.1)
(0.4749687475 0.496724234 0.1)
(0.5780026112 0.7542585854 0.1)
(0.2457414146 0.5780026112 0.1)
(0.7533273355 0.4215425998 0.1)
(0.4223051719 0.2462380926 0.1)
(0.4387385748 0.3807954014 0.1)
(0.4317590983 0.6115899357 0.1)
(0.4703969082 0.6001876281 0.1)
(0.615035177 0.4416980529 0.1)
(0.5532120981 0.7698773868 0.1)
(0.2301226132 0.5532120981 0.1)
(0.7697671753 0.446790371 0.1)
(0.4469054626 0.2302745446 0.1)
(0.5778614974 0.4267068371 0.1)
(0.9208007181 0.7631144215 0.1)
(0.7631144215 0.07919928192 0.1)
(0.2368855785 0.9208007181 0.1)
(0.07919928192 0.2368855785 0.1)
(0.3902999518 0.5110033547 0.1)
(0.661828033 0.9458183852 0.1)
(0.05418161475 0.661828033 0.1)
(0.9458183852 0.338171967 0.1)
(0.338171967 0.05418161475 0.1)
(0.5965272729 0.6879528424 0.1)
(0.3121193048 0.596518213 0.1)
(0.6879894204 0.4033767373 0.1)
(0.01802429036 0.359375 0.1)
(0.359375 0.9819757096 0.1)
(0.640625 0.01802429036 0.1)
(0.9819757096 0.640625 0.1)
(0.6925746545 0.8703111171 0.1)
(0.1296888829 0.6925746545 0.1)
(0.8703111171 0.3074253455 0.1)
(0.3074253455 0.1296888829 0.1)
(0.9161177367 0.7159491544 0.1)
(0.7159491544 0.08388226334 0.1)
(0.2840508456 0.9161177367 0.1)
(0.08388226334 0.2840508456 0.1)
(0.7615132169 0.9200134409 0.1)
(0.07998655911 0.7615132169 0.1)
(0.9200134409 0.2384867831 0.1)
(0.2384867831 0.07998655911 0.1)
(0.5984401246 0.5397862325 0.1)
(0.9400599249 0.6320267767 0.1)
(0.6320267767 0.05994007508 0.1)
(0.3679732233 0.9400599249 0.1)
(0.05994007508 0.3679732233 0.1)
(0.7185003319 0.6011697794 0.1)
(0.3984596842 0.7173307285 0.1)
(0.6012959213 0.2823253428 0.1)
(0.2823977242 0.3988379453 0.1)
(0.3552148259 0.592875407 0.1)
(0.4488612533 0.6875229884 0.1)
(0.6870739361 0.550176037 0.1)
(0.3120382775 0.4509329099 0.1)
(0.9011519433 0.675336383 0.1)
(0.675336383 0.09884805672 0.1)
(0.324663617 0.9011519433 0.1)
(0.09884805672 0.324663617 0.1)
(0.5598356445 0.7951437318 0.1)
(0.2048562682 0.5598356445 0.1)
(0.7951251879 0.4401637019 0.1)
(0.4401828839 0.2048817654 0.1)
(0.3925472611 0.9184522317 0.1)
(0.08154776831 0.3925472611 0.1)
(0.9184522317 0.6074527389 0.1)
(0.6074527389 0.08154776831 0.1)
(0.4718823002 0.411753902 0.1)
(0.4897207094 0.3943806884 0.1)
(0.8589917653 0.6207059016 0.1)
(0.3792940984 0.8589917653 0.1)
(0.6207059016 0.1410082347 0.1)
(0.1410082347 0.3792940984 0.1)
(0.6610590251 0.4436182687 0.1)
(0.7254392847 0.9774913731 0.1)
(0.0225086269 0.7254392847 0.1)
(0.9774913731 0.2745607153 0.1)
(0.2745607153 0.0225086269 0.1)
(0.01915374893 0.8269898494 0.1)
(0.8269898494 0.9808462511 0.1)
(0.1730101506 0.01915374893 0.1)
(0.9808462511 0.1730101506 0.1)
(0.9823432131 0.8277297746 0.1)
(0.8277297746 0.01765678692 0.1)
(0.1722702254 0.9823432131 0.1)
(0.01765678692 0.1722702254 0.1)
(0.4052786589 0.5526370301 0.1)
(0.5361022958 0.6931224913 0.1)
(0.3075175289 0.5357029352 0.1)
(0.7886063116 0.8714315229 0.1)
(0.1285684771 0.7886063116 0.1)
(0.8714315229 0.2113936884 0.1)
(0.2113936884 0.1285684771 0.1)
(0.5478451151 0.354611707 0.1)
(0.8900464434 0.9425151243 0.1)
(0.05748487568 0.8900464434 0.1)
(0.9425151243 0.1099535566 0.1)
(0.1099535566 0.05748487568 0.1)
(0.6205207008 0.6850361256 0.1)
(0.3151573907 0.6204394884 0.1)
(0.6856067519 0.3787029786 0.1)
(0.3800262773 0.3158893974 0.1)
(0.4177611468 0.4298413514 0.1)
(0.4726882026 0.7302068736 0.1)
(0.269790712 0.4727637936 0.1)
(0.7156268946 0.5336925801 0.1)
(0.4876875324 0.7604996474 0.1)
(0.2395002479 0.4876908119 0.1)
(0.7426849203 0.5295693614 0.1)
(0.5300712154 0.2611084012 0.1)
(0.8655741637 0.8620471344 0.1)
(0.1379528656 0.8655741637 0.1)
(0.8620471344 0.1344258363 0.1)
(0.1344258363 0.1379528656 0.1)
(0.9345098752 0.8304121708 0.1)
(0.8304121708 0.06549012485 0.1)
(0.1695878292 0.9345098752 0.1)
(0.06549012485 0.1695878292 0.1)
(0.7625332857 0.5133258875 0.1)
(0.5134426653 0.2380749184 0.1)
(0.5003294125 0.2860659591 0.1)
(0.6465065767 0.4855771959 0.1)
(0.6506568387 0.7661079863 0.1)
(0.2338920137 0.6506568387 0.1)
(0.7656634161 0.348254107 0.1)
(0.3482547301 0.2343226078 0.1)
(0.6992783463 0.7296965202 0.1)
(0.2703059155 0.6992774379 0.1)
(0.7292052427 0.2995329837 0.1)
(0.3007222421 0.2703059384 0.1)
(0.4538011444 0.7108209622 0.1)
(0.2899072363 0.4545524443 0.1)
(0.02283073922 0.3367310067 0.1)
(0.3367310067 0.9771692608 0.1)
(0.6632689933 0.02283073922 0.1)
(0.9771692608 0.6632689933 0.1)
(0.4551443812 0.3580370445 0.1)
(0.4772705081 0.7873751411 0.1)
(0.2126248526 0.4772707073 0.1)
(0.7874149643 0.5225971407 0.1)
(0.5228075719 0.2123407405 0.1)
(0.5576537661 0.6124924615 0.1)
(0.6552054795 0.7224077763 0.1)
(0.2775979525 0.6552033429 0.1)
(0.7218791745 0.3443440221 0.1)
(0.3443638329 0.2781323686 0.1)
(0.4740759461 0.5708197471 0.1)
(0.5150395564 0.8338593035 0.1)
(0.1661406965 0.5150395564 0.1)
(0.8338591782 0.4849596828 0.1)
(0.4849596828 0.1661408218 0.1)
(0.4359526264 0.4351945861 0.1)
(0.5322662899 0.64914467 0.1)
(0.9454116491 0.5293926784 0.1)
(0.5293926784 0.05458835094 0.1)
(0.4706073216 0.9454116491 0.1)
(0.05458835094 0.4706073216 0.1)
(0.6786272962 0.7979406497 0.1)
(0.2020593503 0.6786272962 0.1)
(0.7979406497 0.3213727038 0.1)
(0.3213727038 0.2020593503 0.1)
(0.7644920793 0.6990482587 0.1)
(0.3009517413 0.7644920793 0.1)
(0.6990482587 0.2355079207 0.1)
(0.2355079207 0.3009517413 0.1)
(0.9815691609 0.01843083907 0.1)
(0.01843083907 0.01843083907 0.1)
(0.9815691609 0.9815691609 0.1)
(0.01843083907 0.9815691609 0.1)
(0.4915623479 0.8182675527 0.1)
(0.1817324471 0.4915623553 0.1)
(0.8182688236 0.5084314545 0.1)
(0.5084392798 0.1817220919 0.1)
(0.742338091 0.9475497679 0.1)
(0.05245023212 0.742338091 0.1)
(0.9475497679 0.257661909 0.1)
(0.257661909 0.05245023212 0.1)
(0.5963342753 0.7170749514 0.1)
(0.2829336375 0.5963331968 0.1)
(0.7117616298 0.4128427588 0.1)
(0.4128850285 0.2892557672 0.1)
(0.5245418549 0.3779086255 0.1)
(0.5320928814 0.9429461084 0.1)
(0.05705389155 0.5320928814 0.1)
(0.9429461084 0.4679071186 0.1)
(0.4679071186 0.05705389155 0.1)
(0.5033511671 0.3048941981 0.1)
(0.01589719085 0.046875 0.1)
(0.953125 0.01589719085 0.1)
(0.953125 0.9841028092 0.1)
(0.9841028092 0.046875 0.1)
(0.01589719085 0.953125 0.1)
(0.046875 0.9841028092 0.1)
(0.9841028092 0.953125 0.1)
(0.046875 0.01589719085 0.1)
(0.3752825545 0.5807864299 0.1)
(0.4523879417 0.4925721405 0.1)
(0.888428571 0.7159954137 0.1)
(0.2840045863 0.888428571 0.1)
(0.7159954137 0.111571429 0.1)
(0.111571429 0.2840045863 0.1)
(0.8606140129 0.6659702402 0.1)
(0.3340297598 0.8606140129 0.1)
(0.6659702402 0.1393859871 0.1)
(0.1393859871 0.3340297598 0.1)
(0.5388566056 0.3367305054 0.1)
(0.5459374313 0.2883062303 0.1)
)


// ************************************************************************* //
